1.000000000000000000e+00
1.000000000000000000e+00
1.000000000000000000e+00
1.000000000000000000e+00
1.000000000000000000e+00
1.000000000000000000e+00
9.982578397212543697e-01
9.982578397212543697e-01
9.982578397212543697e-01
9.804006968641115760e-01
9.730218894853042144e-01
9.730218894853042144e-01
9.715894465894466814e-01
9.703908719214842105e-01
9.672429011878553862e-01
9.672429011878553862e-01
9.579889971971091711e-01
9.579889971971091711e-01
9.555372155691262970e-01
9.527513393138622444e-01
9.506310106629213275e-01
9.473015821420587290e-01
9.456689290808341086e-01
9.456689290808341086e-01
9.456689290808341086e-01
9.455125680289507839e-01
9.455125680289507839e-01
9.455125680289507839e-01
9.448898574062400968e-01
9.245148835428942391e-01
9.230813445929726413e-01
9.215603090603091685e-01
9.206622709282284989e-01
9.195568287513576911e-01
9.175500686004889328e-01
9.144032154536356760e-01
9.117130484777543620e-01
9.110146636161786660e-01
9.106121378940851274e-01
9.096844941092985248e-01
8.984118636447375739e-01
8.891483652018710160e-01
8.862770502650149096e-01
8.857587611037649467e-01
8.642025406413561539e-01
8.587785703694678086e-01
8.495548027011415870e-01
8.445003493255462956e-01
8.241491315721783950e-01
8.183362410781563900e-01
8.168620517497161559e-01
8.132884089879869327e-01
8.110179215957330490e-01
7.612964445089208665e-01
7.521261301274917432e-01
7.425748913391065908e-01
7.371678565702544095e-01
6.959762728189484715e-01
6.773641546183460926e-01
6.758795132435096997e-01
6.689821587129374247e-01
6.578003209772010917e-01
6.516351257763032256e-01
6.479637278767812480e-01
6.405103425535809691e-01
6.297836244862737853e-01
6.231604954809808472e-01
6.101004294162531982e-01
6.057454872461756068e-01
5.927977416598888549e-01
5.811177157820326400e-01
4.758111649282046884e-01
4.756327298683966087e-01
4.756327298683966087e-01
4.754241511483337512e-01
4.745585271209450395e-01
4.745585271209450395e-01
4.723819320559374257e-01
4.710198696786703221e-01
4.703395356305060671e-01
4.680986053764092936e-01
4.653495947479893147e-01
4.415770299813349675e-01
3.747741359145261297e-01
2.891401636203209669e-01
2.784435330619392523e-01
2.520773270376003850e-01
2.505667867080392242e-01
2.478598478064590604e-01
2.211452762923351023e-01
2.202726521417966432e-01
2.178257501512776695e-01
2.159037704150486014e-01
1.325127193142736359e-01
1.280435619223765920e-01
7.472784568372803360e-02
7.472784568372803360e-02
6.517857142857143293e-02
0.000000000000000000e+00
0.000000000000000000e+00
0.000000000000000000e+00
