1.000000000000000000e+00
1.000000000000000000e+00
1.000000000000000000e+00
9.993706733794839314e-01
9.993706733794839314e-01
9.993706733794839314e-01
9.993706733794839314e-01
9.980951631754023667e-01
9.980951631754023667e-01
9.980951631754023667e-01
9.872788366447899921e-01
9.872788366447899921e-01
9.872788366447899921e-01
9.855781563726813133e-01
9.842554050499299212e-01
9.842554050499299212e-01
9.832740089072434797e-01
9.832740089072434797e-01
9.733528816474066314e-01
9.704257492559884568e-01
9.692683418485810165e-01
9.692683418485810165e-01
9.690567016369407982e-01
9.683698884501276138e-01
9.683698884501276138e-01
9.683698884501276138e-01
9.683698884501276138e-01
9.683698884501276138e-01
9.670943782460460492e-01
9.670943782460460492e-01
9.650011625814017835e-01
9.573414256338741435e-01
9.558108133889762215e-01
9.555365101192812016e-01
9.549587259216789636e-01
9.531092361257605949e-01
9.485843112155708523e-01
9.463139700421143719e-01
9.445643405266996862e-01
9.439974471026635339e-01
9.364504152806544246e-01
9.352124200825751021e-01
9.340543757721102569e-01
9.244411615765386614e-01
9.240207522414005670e-01
9.228686785086817057e-01
9.199618196277393745e-01
9.178949810259277031e-01
9.118397209941423442e-01
9.095996407882290802e-01
9.083801101449344717e-01
8.943069696679966096e-01
8.661311803133834308e-01
8.529665794452492289e-01
8.505064553087315904e-01
8.486949278576465527e-01
8.459906806514768673e-01
8.399170627220057250e-01
8.304486303509019951e-01
8.269628500692681738e-01
8.248295665634406415e-01
8.185005598980227282e-01
8.118692216797198657e-01
8.086046303211975594e-01
8.021928586344991841e-01
7.851983968301607941e-01
7.456244681777757233e-01
7.188921476794905008e-01
7.119981811947215800e-01
7.054998923555322321e-01
6.909512478018055015e-01
6.861403588244447960e-01
6.385348278194392657e-01
5.814758011954109795e-01
5.753384806525874140e-01
5.628966117194326158e-01
5.276463519122868151e-01
5.200934153921347169e-01
4.183542785590420032e-01
4.183542785590420032e-01
4.183542785590420032e-01
3.464190396745015499e-01
3.442468837821940353e-01
3.442468837821940353e-01
3.423919298868345895e-01
3.359292848469651038e-01
3.315854678427546109e-01
2.663216371565083618e-01
2.628211659637256781e-01
2.243123771640229136e-01
2.231867120766653223e-01
2.139684391743896796e-01
1.594651587176425522e-01
1.337806257067470639e-01
1.325100474972597808e-01
1.319441460794844034e-01
6.857142857142857484e-02
6.517857142857143293e-02
3.454715219421101990e-02
0.000000000000000000e+00
0.000000000000000000e+00
