1.000000000000000000e+00
1.000000000000000000e+00
1.000000000000000000e+00
9.980694980694979623e-01
9.790218790218790934e-01
9.790218790218790934e-01
9.754504504504505347e-01
9.754504504504505347e-01
9.728994300422871833e-01
9.728994300422871833e-01
9.728994300422871833e-01
9.715831787260358343e-01
9.715831787260358343e-01
9.710705334765485919e-01
9.582780994297591670e-01
9.552911782561995802e-01
9.552911782561995802e-01
9.509968767381166144e-01
9.499908405208127293e-01
9.487801867677860823e-01
9.481166328811522215e-01
9.478595749648859314e-01
9.476640415430540587e-01
9.476640415430540587e-01
9.409901598691724489e-01
9.409901598691724489e-01
9.396188471695052780e-01
9.320005951903509445e-01
9.295183381385484500e-01
9.292391839756620753e-01
9.277005708187288091e-01
9.225689848742918420e-01
9.210053061411366260e-01
9.191352962564952600e-01
9.164671567375634043e-01
9.060340834454307934e-01
9.029482556852949093e-01
9.004887100271886657e-01
8.968048863720834429e-01
8.940266814088733138e-01
8.932092224676064784e-01
8.915277737953631876e-01
8.908640009258317338e-01
8.897399109389597660e-01
8.860639774681727809e-01
8.847143022854648819e-01
8.832432656035897889e-01
8.831895509359044549e-01
8.534499300038891345e-01
8.506586941723718320e-01
8.426602966621860036e-01
8.360764356581196211e-01
8.303119885126486466e-01
8.200121649431205695e-01
8.152383695513273354e-01
7.952919593285041611e-01
7.874833374111692708e-01
7.837293082233915964e-01
7.747974651174219796e-01
7.639519992366624601e-01
7.596424956886674851e-01
7.519456952568209784e-01
7.129075465357658237e-01
7.102215787354139165e-01
7.037485956243019203e-01
6.964220744496760762e-01
6.889206357654998891e-01
6.828290025837572275e-01
6.751007918143574482e-01
6.690414703548198672e-01
6.148935971762293784e-01
6.117660112976760489e-01
6.058224516414443261e-01
5.937688943195196245e-01
5.527007302876959516e-01
5.163168673527839259e-01
5.022652680167316586e-01
4.927056318330433338e-01
4.714929241891390177e-01
4.485232586169670133e-01
4.397992206256888248e-01
4.352474797329669021e-01
4.033298719878564143e-01
3.964388380103492371e-01
2.782923106246913969e-01
2.699407467091649582e-01
2.678567810513105552e-01
2.666265676890096636e-01
2.656035510656148402e-01
2.618690981241580951e-01
2.571608931112088769e-01
2.473240196916994538e-01
2.374084337373447151e-01
1.344683085593665339e-01
1.310986310986310965e-01
1.294168237296199619e-01
6.949806949806949796e-02
6.207482993197278864e-02
6.075533661740557811e-02
0.000000000000000000e+00
0.000000000000000000e+00
