9.821428571428570953e-01
9.821428571428570953e-01
9.821428571428570953e-01
9.758611955420466444e-01
9.758611955420466444e-01
9.733101751338832930e-01
9.626857880792902833e-01
9.626857880792902833e-01
9.626857880792902833e-01
9.626857880792902833e-01
9.623070575839108853e-01
9.623070575839108853e-01
9.623070575839108853e-01
9.623070575839108853e-01
9.566839572799594738e-01
9.566839572799594738e-01
9.566839572799594738e-01
9.532650746576518674e-01
9.525873452565182253e-01
9.524041950733679318e-01
9.524041950733679318e-01
9.524041950733679318e-01
9.518194384645149997e-01
9.511689961637505020e-01
9.507035148012592529e-01
9.495080775595212685e-01
9.491318902182254158e-01
9.482572546497121113e-01
9.419807456295320458e-01
9.411534671887817893e-01
9.374413541786392745e-01
9.349624164497015721e-01
9.334624637257237234e-01
9.322046095867086990e-01
9.296057894987080905e-01
9.277301837646664273e-01
9.274165704534832466e-01
9.259084532681119972e-01
9.189799049271097919e-01
9.188120540943121028e-01
9.188120540943121028e-01
9.176014003412854558e-01
9.149687975217059011e-01
9.078267715942965888e-01
9.065070443822916824e-01
9.059281306724572547e-01
9.044015740266659886e-01
8.989513783297600202e-01
8.806475046499494530e-01
8.766627531615804880e-01
8.684818698328177211e-01
8.660165310736259725e-01
8.640267449092767782e-01
8.513958980271114640e-01
8.467493672714790920e-01
8.434460734087910749e-01
8.415157249079389112e-01
8.204304077818919128e-01
7.914211247766379520e-01
7.851749593903242230e-01
7.813610770105002823e-01
7.262347206760814133e-01
6.872652606721604274e-01
6.744574694226654898e-01
6.664300771386704181e-01
6.559328408170534974e-01
6.476871852527955609e-01
6.431963440119699005e-01
6.420031129368581890e-01
6.368181901580577398e-01
6.323397037396993881e-01
6.262253425501114190e-01
6.217472782761757077e-01
6.093878002856891740e-01
5.567474315358978965e-01
5.467287755283946060e-01
5.069911252323341389e-01
4.918704419824306284e-01
4.606202060575345647e-01
4.596620984851808589e-01
4.534166321395887711e-01
3.828234813020199856e-01
3.754229865323076010e-01
3.746949622961458504e-01
3.364048334174259414e-01
3.201585448595791195e-01
3.037703209854658581e-01
2.881722389643742166e-01
2.676274762876070246e-01
2.505048268927977939e-01
2.470003753633223942e-01
2.284465202688830132e-01
2.232561068789244429e-01
1.770266887846247417e-01
1.752843222666237433e-01
1.718358395989974807e-01
1.709620956059874353e-01
1.078136240556003267e-01
3.283052351375332495e-02
0.000000000000000000e+00
0.000000000000000000e+00
