1.000000000000000000e+00
1.000000000000000000e+00
1.000000000000000000e+00
9.993650793650793451e-01
9.993650793650793451e-01
9.993650793650793451e-01
9.993650793650793451e-01
9.993650793650793451e-01
9.953968253968253910e-01
9.824098124098125107e-01
9.824098124098125107e-01
9.824098124098125107e-01
9.810870610870611186e-01
9.810870610870611186e-01
9.810870610870611186e-01
9.810870610870611186e-01
9.712085690907571456e-01
9.712085690907571456e-01
9.708341451276234491e-01
9.708341451276234491e-01
9.708341451276234491e-01
9.708341451276234491e-01
9.708341451276234491e-01
9.703381133815917048e-01
9.703381133815917048e-01
9.703381133815917048e-01
9.690014383607060688e-01
9.687957354241192309e-01
9.681907503470845722e-01
9.681907503470845722e-01
9.676652675210998256e-01
9.649284400288269392e-01
9.649284400288269392e-01
9.649284400288269392e-01
9.618264551194658507e-01
9.618264551194658507e-01
9.618264551194658507e-01
9.555555194910531069e-01
9.526129471132647186e-01
9.510766770233830547e-01
9.482369957898801882e-01
9.448162665541123273e-01
9.386225992713831401e-01
9.166650457255869355e-01
9.156010480279156427e-01
9.120304965818005760e-01
9.103110997426223649e-01
9.060655070267150668e-01
9.022145187143799649e-01
8.993168418002054354e-01
8.947129654890531025e-01
8.933345522045249565e-01
8.909256863418438810e-01
8.853328595232319298e-01
8.783364908293206375e-01
8.762560245114245916e-01
8.702163410465126869e-01
8.379774664699433107e-01
8.311046537422122071e-01
8.294124533123350407e-01
8.249873520249677572e-01
8.228171002841291326e-01
8.105216862415638435e-01
8.040486495434644443e-01
8.025111037064789343e-01
8.009537898426098979e-01
7.984492429304219652e-01
7.602231126238913061e-01
7.586911499565263117e-01
7.558812518316154749e-01
7.325167888686888729e-01
7.041903860799332282e-01
6.995545073660996982e-01
6.857588965643525158e-01
6.302910433962233272e-01
6.113796183415718399e-01
5.317611836737038411e-01
5.286237065985546213e-01
5.141014532527717895e-01
5.115422638032763869e-01
4.630715463429020962e-01
4.625843949606100458e-01
4.147133175645566494e-01
4.138598270864171647e-01
3.424930095232826543e-01
3.328783683487434031e-01
2.772480919947619138e-01
2.681656096659140176e-01
2.676214745277855078e-01
2.525301883596467456e-01
2.504065279312265302e-01
2.252047715503971148e-01
1.873203349581302468e-01
1.330176998335566019e-01
1.318445068445068535e-01
1.149096581307682274e-01
6.122448979591836593e-02
3.596059113300492660e-02
3.283052351375332495e-02
0.000000000000000000e+00
0.000000000000000000e+00
