9.988416988416988218e-01
9.988416988416988218e-01
9.988416988416988218e-01
9.988416988416988218e-01
9.988416988416988218e-01
9.988416988416988218e-01
9.988416988416988218e-01
9.988416988416988218e-01
9.988416988416988218e-01
9.887610536804085637e-01
9.887610536804085637e-01
9.887610536804085637e-01
9.887610536804085637e-01
9.828050498546542224e-01
9.828050498546542224e-01
9.822048097586157933e-01
9.817668043677801881e-01
9.817668043677801881e-01
9.817668043677801881e-01
9.817668043677801881e-01
9.817668043677801881e-01
9.817668043677801881e-01
9.817668043677801881e-01
9.817668043677801881e-01
9.811715662725422060e-01
9.811715662725422060e-01
9.799714315162316725e-01
9.799714315162316725e-01
9.799714315162316725e-01
9.792005725964793017e-01
9.770360704319772660e-01
9.718505323613273461e-01
9.667785873153663667e-01
9.660192474348358038e-01
9.639414932562413441e-01
9.635244995356762043e-01
9.625178468746116156e-01
9.597485573406162596e-01
9.589357184030536940e-01
9.476683798065226316e-01
9.451990435871863161e-01
9.418543355002422235e-01
9.418543355002422235e-01
9.415843198016551341e-01
9.404015739760520631e-01
9.376854962069113286e-01
9.360419523853613644e-01
9.344969711898457598e-01
9.293876006889888464e-01
9.260564958490168364e-01
9.234559987714050511e-01
9.162764017168532060e-01
9.145910188149332098e-01
9.130584996128040531e-01
9.090201873448496839e-01
9.074019289526591425e-01
9.054310340619747821e-01
9.006374992982183469e-01
8.870765266887381539e-01
8.762367723735703384e-01
8.451918058065718276e-01
8.308682065894739122e-01
8.225168250197709696e-01
8.193890427434513679e-01
8.168095713845103800e-01
8.083497933640826361e-01
7.816345411686702604e-01
7.683622161658404393e-01
7.602203963623612726e-01
7.569424414391490163e-01
7.529607183167291717e-01
7.484195381051402807e-01
7.011823923243997170e-01
6.931236398890879835e-01
5.802094301077405092e-01
5.717356677856683111e-01
5.306014549247813905e-01
5.255701899048558223e-01
4.284031720448540637e-01
4.192713941168053071e-01
3.499215543822707386e-01
3.474187915700719387e-01
3.468099598647437221e-01
3.463670022300053275e-01
3.439881971428238039e-01
3.357412132828013207e-01
3.255245956183658307e-01
2.694570072927129911e-01
2.668358101250398740e-01
2.621877311315976011e-01
2.588674365313735071e-01
2.509840561759833499e-01
1.953039397577212566e-01
1.884587311788468444e-01
1.883136189258312054e-01
1.872747867803838118e-01
1.243749999999999994e-01
6.358885017421603281e-02
4.129464285714285615e-02
3.997867803837952538e-02
3.997867803837952538e-02
