9.991596638655462215e-01
9.991596638655462215e-01
9.991596638655462215e-01
9.991596638655462215e-01
9.991596638655462215e-01
9.902310924369748246e-01
9.902310924369748246e-01
9.902310924369748246e-01
9.890100912159736080e-01
9.890100912159736080e-01
9.890100912159736080e-01
9.890100912159736080e-01
9.890100912159736080e-01
9.834545356604180721e-01
9.823293598516978919e-01
9.823293598516978919e-01
9.823293598516978919e-01
9.823293598516978919e-01
9.823293598516978919e-01
9.792237697895861404e-01
9.792237697895861404e-01
9.778501434159597716e-01
9.734669259892639870e-01
9.733072358072358821e-01
9.724830599830600608e-01
9.703849027124890059e-01
9.677201552201551982e-01
9.677201552201551982e-01
9.677201552201551982e-01
9.620231495231496011e-01
9.609128804818459768e-01
9.519843090532745800e-01
9.519843090532745800e-01
9.518560249810249507e-01
9.518560249810249507e-01
9.518560249810249507e-01
9.506159456159456456e-01
9.489370689370689727e-01
9.484730833813401762e-01
9.474608665680094299e-01
9.402704904175491762e-01
9.361646252402554547e-01
9.345583402488772951e-01
9.179767075958160660e-01
9.176441560503265649e-01
9.139048219245514693e-01
9.139048219245514693e-01
9.123836871548541838e-01
9.094826055507067020e-01
9.053876354657441894e-01
8.990875188255815775e-01
8.971574259512308247e-01
8.963387064989402075e-01
8.860627747508104113e-01
8.840147276154699529e-01
8.797301527784607833e-01
8.618511748688790775e-01
8.391631058756725547e-01
8.308775255645552971e-01
8.246953809206363228e-01
8.206036895642078166e-01
7.697283814445470274e-01
7.644367755458727487e-01
7.626890914439626856e-01
7.609772956145198775e-01
7.494164940531160557e-01
7.471734821988057496e-01
6.823246802289835156e-01
6.750001780227412596e-01
6.659401221023666384e-01
6.570628251582976143e-01
6.524854616443575006e-01
6.483329538428029837e-01
6.466804456398016487e-01
6.438103039388806126e-01
6.382986168498082646e-01
6.187073178761572922e-01
5.772086540478703620e-01
5.757932842906526849e-01
5.133645655430030263e-01
4.545865521981539703e-01
3.521157883027832836e-01
3.425987917355537427e-01
3.403914668966018242e-01
3.382758532326969880e-01
2.768991207614240335e-01
2.656020194711071758e-01
2.651493356261939716e-01
2.638916899227808366e-01
2.560950816600130464e-01
1.949406584434140999e-01
1.927186067223010113e-01
1.919410643756720158e-01
1.652814576122846879e-01
1.643327390641552144e-01
1.635917249042000421e-01
1.625748194014447756e-01
1.196447507953340567e-01
3.523809523809524197e-02
0.000000000000000000e+00
0.000000000000000000e+00
