9.910714285714286031e-01
9.910714285714286031e-01
9.910714285714286031e-01
9.910714285714286031e-01
9.849418604651162257e-01
9.849418604651162257e-01
9.849418604651162257e-01
9.849418604651162257e-01
9.849418604651162257e-01
9.849418604651162257e-01
9.830621612169959667e-01
9.811316592864940400e-01
9.803159407448569507e-01
9.758516550305712522e-01
9.758516550305712522e-01
9.710631814920976934e-01
9.687373004074827376e-01
9.687373004074827376e-01
9.687373004074827376e-01
9.687373004074827376e-01
9.683009778367728249e-01
9.683009778367728249e-01
9.683009778367728249e-01
9.683009778367728249e-01
9.683009778367728249e-01
9.679491129528882132e-01
9.679491129528882132e-01
9.652434852472605575e-01
9.647023597061350486e-01
9.632593582631335805e-01
9.624435847992763859e-01
9.574693923250839900e-01
9.574693923250839900e-01
9.571141085111535274e-01
9.568885446013790652e-01
9.553185040559147856e-01
9.539661925799194364e-01
9.520873458031134939e-01
9.500069538979236672e-01
9.460555191991506518e-01
9.403916665936427055e-01
9.400589855760301816e-01
9.382776804613917054e-01
9.206621177744006568e-01
9.200794773108077473e-01
9.154278746001988099e-01
9.142222648799193108e-01
9.122633542253565375e-01
9.093177475879871130e-01
9.081501052913126815e-01
9.066772156768128088e-01
9.018678683983722966e-01
9.010692175609548160e-01
8.921914772401688953e-01
8.902402686835115819e-01
8.898245558784182441e-01
8.692452973768924895e-01
8.471686575545209763e-01
8.332879740505844124e-01
8.235144654594471758e-01
8.184671570691556264e-01
8.159159460422603649e-01
7.982540654307918038e-01
7.955716688333349662e-01
7.935581280436452278e-01
7.894140448872614124e-01
7.833136378024487811e-01
7.541646147488278995e-01
7.505288989719561821e-01
7.378378438377549697e-01
7.136501887219642848e-01
6.918731169028504713e-01
6.850894758482415359e-01
6.327867825697313098e-01
5.801958864033999186e-01
5.769404818919168232e-01
5.698317469591940299e-01
5.523328134879880169e-01
5.178767500708856275e-01
5.153076847810221794e-01
4.583567164176454156e-01
3.565668458017358655e-01
3.499204870415318913e-01
3.481713532951346557e-01
3.407015765594640366e-01
3.357911537686603665e-01
3.331658609664632231e-01
2.934522612918340490e-01
2.676834408977266100e-01
2.648904006046863269e-01
2.641954116215635695e-01
2.629262339740216503e-01
2.560959918416333969e-01
2.002796674225245932e-01
1.990311521433970332e-01
1.987234612551068147e-01
1.967755689114912276e-01
1.183755161453227539e-01
6.075533661740557811e-02
0.000000000000000000e+00
0.000000000000000000e+00
