1.000000000000000000e+00
9.990783410138249776e-01
9.990783410138249776e-01
9.990783410138249776e-01
9.990783410138249776e-01
9.901497695852535808e-01
9.901497695852535808e-01
9.901497695852535808e-01
9.901497695852535808e-01
9.901497695852535808e-01
9.850982895337734302e-01
9.850982895337734302e-01
9.850982895337734302e-01
9.850982895337734302e-01
9.850982895337734302e-01
9.850982895337734302e-01
9.850982895337734302e-01
9.850982895337734302e-01
9.827709622064461081e-01
9.817127611482449057e-01
9.789655084009922792e-01
9.789655084009922792e-01
9.773161550189142233e-01
9.765862916231976554e-01
9.747328613112022921e-01
9.695240580728424762e-01
9.689767126979108580e-01
9.682079120269575512e-01
9.679059140080645829e-01
9.679059140080645829e-01
9.679059140080645829e-01
9.637973682328521141e-01
9.637973682328521141e-01
9.626776546131384782e-01
9.621603356747668867e-01
9.591611710966548854e-01
9.586429638137416998e-01
9.578061474499230954e-01
9.578061474499230954e-01
9.508013560498079775e-01
9.482736418778058285e-01
9.473976979896503448e-01
9.448887713889055906e-01
9.314190966881855660e-01
9.249491719465068318e-01
9.246240498366914418e-01
9.246240498366914418e-01
9.241115485256735651e-01
9.100818511227531937e-01
9.085038983882961494e-01
9.039669008051360866e-01
9.007354709941388649e-01
8.999616810065779182e-01
8.990139218346835381e-01
8.921603895285378227e-01
8.884955310487123725e-01
8.858251289327965239e-01
8.753304481330488329e-01
8.740582464523970474e-01
8.422145020620829259e-01
8.245314941364132455e-01
8.188477914591024698e-01
7.679126835048124544e-01
7.656633211545277318e-01
7.628560385676577127e-01
7.530483904669932338e-01
7.441702298905318314e-01
7.325193409296169023e-01
7.279375628729120029e-01
7.168782797263181239e-01
6.582940440771681834e-01
6.518442647685952496e-01
6.445151549816252601e-01
5.904729602881365613e-01
5.870781200671196798e-01
5.808997746906742199e-01
5.650977904186098577e-01
5.386330509789096777e-01
4.779723397149315267e-01
4.771499138062172407e-01
4.571721957949816395e-01
3.886411897639756030e-01
3.531010312612092861e-01
3.514113517202304138e-01
3.387005229700525422e-01
3.383190130816060015e-01
3.315677568136071729e-01
2.716334382585989804e-01
2.693784871703399642e-01
2.645680204711479133e-01
2.470594457314962966e-01
2.030612244897959384e-01
2.010568879088088512e-01
1.779289444237224793e-01
1.775364431486880501e-01
1.762709298183113560e-01
1.717596216568819389e-01
1.159891406568837879e-01
0.000000000000000000e+00
0.000000000000000000e+00
0.000000000000000000e+00
