8.757936507936507908e-01
8.519841269841269549e-01
8.380952380952380043e-01
8.247084880463814160e-01
8.247084880463814160e-01
7.874414073010397308e-01
7.847828217429226871e-01
7.847828217429226871e-01
7.811753181354189612e-01
7.762635632236641881e-01
7.228447598048607370e-01
7.225178555877963538e-01
7.192676478232247206e-01
7.084939363541910007e-01
7.081519745295654644e-01
7.077981592211565198e-01
7.048219687449659432e-01
7.025537958643782721e-01
7.005942042399470049e-01
6.956574020306975914e-01
6.925776251243525028e-01
6.925776251243525028e-01
6.880321705788980946e-01
6.865539649545355783e-01
6.859087393616362105e-01
6.832605525591242124e-01
6.823937615973296733e-01
6.775770886807440663e-01
6.710192851059260111e-01
6.614338875312288923e-01
6.531645148356248765e-01
6.450997973305305777e-01
6.423408578078300124e-01
6.311744588190563165e-01
6.238571249697437704e-01
6.075572872045951200e-01
6.006776919867036213e-01
5.952525884563190095e-01
5.915163732213712944e-01
5.844987404553634303e-01
5.803969960947714668e-01
5.729257890968376676e-01
5.673096347562130992e-01
5.612280283699401240e-01
5.580569667395484101e-01
5.540619731975583440e-01
5.433556481236647695e-01
5.281307270386313979e-01
5.151893117372047248e-01
4.927155374254116871e-01
4.890202805603707792e-01
4.856968453350149484e-01
4.824727490316741974e-01
4.632830804253761925e-01
4.600800896913143090e-01
4.586660717482186622e-01
4.509413480224965243e-01
4.469199574984085155e-01
4.384588804485429203e-01
4.365024655907006057e-01
4.264937488232011242e-01
4.225856021382648486e-01
3.972893398866048642e-01
3.949188518855924479e-01
3.881153632874000392e-01
3.871891734897368598e-01
3.817967708763611578e-01
3.797437265672667928e-01
3.618087421187515251e-01
3.593257776527748470e-01
3.549981101843073250e-01
3.398194611781090724e-01
3.388832464261048449e-01
3.337404682821681901e-01
3.298585395277954246e-01
3.209444562129905032e-01
3.152480998806108659e-01
3.058426316159069125e-01
2.702135683108157771e-01
2.490029256348446629e-01
2.423368783662727122e-01
2.366359026241936225e-01
2.133148607450019718e-01
2.083593489843489632e-01
2.055816960975938579e-01
1.819701674819529380e-01
1.775883181178698478e-01
1.696843933049361486e-01
1.621688661794177810e-01
1.081691823061826513e-01
1.044977244977245145e-01
9.711463018105789824e-02
5.876315876315876124e-02
2.061994609164420275e-02
0.000000000000000000e+00
0.000000000000000000e+00
0.000000000000000000e+00
0.000000000000000000e+00
0.000000000000000000e+00
0.000000000000000000e+00
0.000000000000000000e+00
