9.155728303810372060e-01
8.834299732381801773e-01
8.703805226887296742e-01
8.686194930207232767e-01
8.686194930207232767e-01
8.686194930207232767e-01
8.686194930207232767e-01
8.686194930207232767e-01
8.686194930207232767e-01
8.686194930207232767e-01
8.663638539229788771e-01
8.663638539229788771e-01
8.625489188580438560e-01
8.625489188580438560e-01
8.622982922916276882e-01
8.601867141336343447e-01
8.550666129958340855e-01
8.513072144995934565e-01
8.513072144995934565e-01
8.513072144995934565e-01
8.360701972252247982e-01
8.360701972252247982e-01
8.358331555058821083e-01
8.320118469462082222e-01
8.315146380958907679e-01
8.315146380958907679e-01
8.233703065819940603e-01
8.211878896648273640e-01
8.203057372128444991e-01
8.181026643466298154e-01
8.132686131205089097e-01
8.110811180610995041e-01
8.104660775243369697e-01
8.091900163304306393e-01
8.077763258542401958e-01
8.036472834029539936e-01
7.986756350889543388e-01
7.956657438716109310e-01
7.929273072749277729e-01
7.670529998721971054e-01
7.643874324589238212e-01
7.595075950047773805e-01
7.490697688849741187e-01
7.348053867077776191e-01
7.329701446501462048e-01
7.183896667650959689e-01
7.140625860817673143e-01
7.030685484031969912e-01
6.804272743975599003e-01
6.728615873520684687e-01
6.708083317724530259e-01
6.655752733501832941e-01
6.564618026990506339e-01
6.406560454682026506e-01
6.329402208302339350e-01
6.233986841562485504e-01
6.178091771908205132e-01
6.074952717559272131e-01
5.810029519741106707e-01
5.695881042082945322e-01
5.680203399676568843e-01
5.595691070997086403e-01
5.473258572846716463e-01
5.348034525650142701e-01
5.193083350198420822e-01
5.091362843456528342e-01
4.981599708987621833e-01
4.844282840945228208e-01
4.612131187647797170e-01
4.458066913166839340e-01
4.339316682880746678e-01
4.208455179181651018e-01
4.117263471741083869e-01
4.062338226156233523e-01
3.975418715400023117e-01
3.841061811465496523e-01
3.672428606763755154e-01
3.551360644365701424e-01
2.938198404165474065e-01
2.914332664503774262e-01
2.854665499353742919e-01
2.704676842409377002e-01
2.201158487242077799e-01
2.084501546499469005e-01
2.075515523885089197e-01
1.776396782935515950e-01
1.754045548280264710e-01
1.739478697100016458e-01
1.701967665120942552e-01
1.687033867703195966e-01
1.504446629149998882e-01
1.317791016355017442e-01
1.165442030645551658e-01
8.852333637960423107e-02
0.000000000000000000e+00
0.000000000000000000e+00
0.000000000000000000e+00
0.000000000000000000e+00
0.000000000000000000e+00
0.000000000000000000e+00
0.000000000000000000e+00
