1.000000000000000000e+00
1.000000000000000000e+00
9.990723562152133974e-01
9.986446402186350824e-01
9.986446402186350824e-01
9.966038238921044456e-01
9.863997422594514841e-01
9.863997422594514841e-01
9.858142621657746130e-01
9.858142621657746130e-01
9.858142621657746130e-01
9.830931737304003937e-01
9.830931737304003937e-01
9.703112868801906377e-01
9.703112868801906377e-01
9.703112868801906377e-01
9.703112868801906377e-01
9.703112868801906377e-01
9.562957992622186376e-01
9.525986682358950075e-01
9.525986682358950075e-01
9.525986682358950075e-01
9.525986682358950075e-01
9.525986682358950075e-01
9.508428955042670383e-01
9.508428955042670383e-01
9.494791840277736483e-01
9.368947546591439579e-01
9.356451632894152715e-01
9.353816972472606128e-01
9.353816972472606128e-01
9.350711382410494821e-01
9.336134122935276780e-01
9.330639617440771305e-01
9.135834422635575880e-01
9.103679385554430681e-01
9.100277401936290866e-01
9.091701072605244960e-01
9.045999642384473516e-01
8.946442292150169617e-01
8.923393886320488688e-01
8.899943626599042812e-01
8.898241515981876182e-01
8.845337020850491117e-01
8.795704724404943553e-01
8.660811715130518618e-01
8.649466926167356240e-01
8.641262755091621006e-01
8.567674326797192208e-01
8.524938881022298132e-01
8.510057928641344693e-01
8.159779420793330518e-01
8.134987197716050389e-01
8.069661786810533588e-01
8.055356028092335308e-01
8.029261132628161546e-01
7.996434146203571514e-01
7.797185568790988563e-01
7.450325581181712620e-01
7.356492947460367970e-01
7.305381105179720169e-01
7.184679172298606975e-01
7.009821579816886139e-01
6.912953944420916486e-01
6.819814944781394939e-01
6.765955199622630811e-01
6.443451527093021491e-01
6.194621333984837719e-01
5.504668619306296584e-01
5.462333045321284830e-01
5.288342204344600450e-01
5.242644484408367500e-01
5.049331364968734359e-01
4.835186938291107239e-01
4.830106928131087107e-01
4.808859685236686610e-01
4.808859685236686610e-01
4.808859685236686610e-01
4.755773458399069065e-01
4.751402627941282431e-01
4.317135876789066073e-01
4.077272699656021571e-01
3.978409569765218867e-01
3.925628862010021036e-01
2.736781651528195636e-01
2.675952004984262778e-01
2.660132076120855782e-01
2.658402747684850409e-01
2.646947820131886897e-01
2.617959216143282974e-01
2.593581091085327972e-01
2.580804719779875023e-01
1.962307910291325175e-01
1.514120397974373922e-01
1.472476444270787443e-01
8.671495677574704575e-02
8.671495677574704575e-02
6.771799628942486160e-02
6.690777576853526587e-02
6.377551020408163407e-02
6.377551020408163407e-02
