9.846938775510203357e-01
9.846938775510203357e-01
9.846938775510203357e-01
9.846938775510203357e-01
9.846938775510203357e-01
9.840136054421767531e-01
9.840136054421767531e-01
9.840136054421767531e-01
9.840136054421767531e-01
9.840136054421767531e-01
9.804421768707481943e-01
9.804421768707481943e-01
9.804421768707481943e-01
9.804421768707481943e-01
9.804421768707481943e-01
9.691950323144984392e-01
9.678963310157969735e-01
9.669628894573555344e-01
9.669628894573555344e-01
9.637108998271541882e-01
9.637108998271541882e-01
9.626519856954638410e-01
9.580517749219961132e-01
9.580517749219961132e-01
9.573884597425520449e-01
9.569285030325952457e-01
9.569285030325952457e-01
9.569285030325952457e-01
9.553878867860967627e-01
9.548076546932594555e-01
9.503026612065031964e-01
9.494623250720494179e-01
9.494271732160314281e-01
9.475787232635565216e-01
9.470476821397317835e-01
9.470476821397317835e-01
9.439131913644284166e-01
9.433196174949923796e-01
9.417569288911801229e-01
9.400099770290453183e-01
9.375164232762925876e-01
9.362379365918434004e-01
9.322939976625054248e-01
9.300477404928171321e-01
9.299926458596825540e-01
9.276397644751931404e-01
9.267004800969428358e-01
9.263005148765273145e-01
9.205736848501649972e-01
9.179948876622275877e-01
9.177042516573059583e-01
9.169745899590461269e-01
9.167604078563192926e-01
9.153329137817662886e-01
9.086358392054348920e-01
9.074275303112212532e-01
9.010829924960953585e-01
8.899305689840002476e-01
8.799070653319669422e-01
8.520165814394584647e-01
8.498492192164937009e-01
8.419004013591850910e-01
8.352582807175185087e-01
8.292905977554776431e-01
8.275686114826991124e-01
8.214055739306495019e-01
8.176289066140965955e-01
8.151731944822394604e-01
8.133887493587600437e-01
8.118440624266299865e-01
8.052865806164880569e-01
8.012956736911114319e-01
7.892312122344039560e-01
7.849196638007054361e-01
7.736904114256591969e-01
7.715379772536054004e-01
7.533978554192239940e-01
7.222716623331978392e-01
7.048720951690923275e-01
6.430311115287264956e-01
6.383355358599870355e-01
5.540459536782161853e-01
5.432243580197868571e-01
5.026976887481768852e-01
3.966802053150847995e-01
3.849156383599704467e-01
3.662442999852476566e-01
3.214864826952415489e-01
3.059206719413776754e-01
3.014868016359067981e-01
3.001200881403017773e-01
2.742257151109542268e-01
2.736477092999901051e-01
2.459912957072996897e-01
2.429783937162353358e-01
2.429783937162353358e-01
2.349813986578129232e-01
1.396317438586626436e-01
1.263530477013622977e-01
6.533101045296167697e-02
6.533101045296167697e-02
