9.831932773109244295e-01
9.831932773109244295e-01
9.831932773109244295e-01
9.831932773109244295e-01
9.831932773109244295e-01
9.831932773109244295e-01
9.776388753175689894e-01
9.776388753175689894e-01
9.776388753175689894e-01
9.776388753175689894e-01
9.726056120122468229e-01
9.726056120122468229e-01
9.726056120122468229e-01
9.726056120122468229e-01
9.726056120122468229e-01
9.687807926108019663e-01
9.671196630426955876e-01
9.651284932577681719e-01
9.622303523091572108e-01
9.562854211452022080e-01
9.503330401928212767e-01
9.503330401928212767e-01
9.485908799140757575e-01
9.485908799140757575e-01
9.475120700117363182e-01
9.474632132597332612e-01
9.471414629379830696e-01
9.468511028915254091e-01
9.468511028915254091e-01
9.463478121443321678e-01
9.463478121443321678e-01
9.446304975557305861e-01
9.446304975557305861e-01
9.429693679876240964e-01
9.410078266536476832e-01
9.381455411558944357e-01
9.369759066354195198e-01
9.369759066354195198e-01
9.345900672421910693e-01
9.316889228229155995e-01
9.251780790302159829e-01
9.245361185662722692e-01
9.236687406497140485e-01
9.230294934296600085e-01
9.214134827715753095e-01
9.211502729275270474e-01
9.207779507829515486e-01
9.204813075354886243e-01
9.197929814703738050e-01
9.192710869515188232e-01
9.189791336640448227e-01
9.165297825613538674e-01
9.159234288408723001e-01
9.103863689214577448e-01
9.080536574220834378e-01
9.068271657531284946e-01
9.057832871531286134e-01
9.039631098958980093e-01
8.961434323811154901e-01
8.886580143083214756e-01
8.865193119758594253e-01
8.836826410817205657e-01
8.658867807323719079e-01
8.640815292085015642e-01
8.576280478956953557e-01
8.532487195906099942e-01
8.519933085688221608e-01
7.715477824768388615e-01
7.700542122719644667e-01
7.612156654869955963e-01
7.509220313216153908e-01
7.487089183180611895e-01
7.341452568999313755e-01
7.206590973031484770e-01
7.152890024544985570e-01
7.119359820876229872e-01
7.062420279247608734e-01
6.972247362127704795e-01
6.930299505448963560e-01
6.843729265069750101e-01
6.764447544840024307e-01
6.513983648116523639e-01
6.276048094976268699e-01
5.535069155265094354e-01
5.164103734493458164e-01
4.767245455937819676e-01
4.073192962277204510e-01
3.998298123595299680e-01
3.630218562951458838e-01
3.621359882436066546e-01
3.593189953700264283e-01
3.281005966185033818e-01
3.197861152053698697e-01
2.914028561619191326e-01
2.646749286193567641e-01
2.645601937301857443e-01
2.013489894200553854e-01
1.854331727048539602e-01
1.823217350600717379e-01
5.462184873949579161e-02
5.462184873949579161e-02
