9.835164835164835750e-01
9.835164835164835750e-01
9.826761473820297965e-01
9.826761473820297965e-01
9.826761473820297965e-01
9.826761473820297965e-01
9.826761473820297965e-01
9.826761473820297965e-01
9.779142426201250515e-01
9.779142426201250515e-01
9.749380521439344749e-01
9.749380521439344749e-01
9.749380521439344749e-01
9.749380521439344749e-01
9.749380521439344749e-01
9.733146755205578371e-01
9.733146755205578371e-01
9.721986040919864402e-01
9.709648378582202977e-01
9.702725910227771866e-01
9.620907728409591186e-01
9.620907728409591186e-01
9.610607683626787301e-01
9.580715003284030473e-01
9.580715003284030473e-01
9.580715003284030473e-01
9.549496650840414436e-01
9.549496650840414436e-01
9.518953300717168942e-01
9.495031644142452043e-01
9.475898821271311334e-01
9.473562372673181020e-01
9.463984347914889961e-01
9.463984347914889961e-01
9.458715027071799009e-01
9.440850398223441520e-01
9.438144770517814530e-01
9.429115168761624810e-01
9.424942939122106234e-01
9.410053397896519511e-01
9.402150662334209930e-01
9.402150662334209930e-01
9.361834373382885710e-01
9.294123796638494861e-01
9.290891734582903405e-01
9.269895647577645059e-01
9.252244685843874494e-01
9.247197443657008131e-01
9.228136963432518325e-01
9.165616999143262333e-01
9.146421136785708450e-01
9.134183686886437892e-01
9.114233279349298611e-01
9.089423741540052504e-01
9.024670053878670606e-01
8.978630875427093816e-01
8.955453413474344648e-01
8.895882099873314575e-01
8.797151049685437707e-01
8.713782670888107207e-01
8.686224709822437662e-01
8.559447548435971109e-01
8.295001327051894080e-01
8.285482536115645891e-01
8.263413975063150785e-01
8.224131599637158896e-01
8.202346374927333983e-01
8.104918465149417717e-01
8.064446199724556452e-01
8.040685358224403112e-01
7.960464193070931893e-01
7.896563741284179372e-01
7.468832310171648059e-01
7.391726773769785597e-01
7.294947466231965771e-01
7.209884342876264895e-01
7.153604673412271575e-01
6.878825773991030790e-01
6.798390830575963273e-01
6.577201109091160847e-01
6.365187871304572864e-01
5.787647934499421387e-01
5.451571315213037394e-01
5.096787494854170264e-01
4.858525401997965121e-01
4.722392947488082138e-01
3.926041109190093747e-01
3.910101051270608030e-01
3.802593920550264017e-01
3.190785942650426477e-01
3.182754831470656076e-01
2.707121320867212355e-01
2.705488729588060304e-01
2.064192273126988497e-01
1.982283396749275339e-01
1.962679425622631257e-01
1.904687620166257422e-01
1.322472207758990659e-01
1.294001506767464282e-01
6.543694786300952027e-02
4.699248120300752313e-02
