9.761904761904761640e-01
9.761904761904761640e-01
9.761904761904761640e-01
9.761904761904761640e-01
9.755166217430367714e-01
9.755166217430367714e-01
9.755166217430367714e-01
9.755166217430367714e-01
9.755166217430367714e-01
9.755166217430367714e-01
9.732124742775989379e-01
9.732124742775989379e-01
9.732124742775989379e-01
9.732124742775989379e-01
9.732124742775989379e-01
9.714703139988534186e-01
9.714703139988534186e-01
9.706150716801964506e-01
9.706150716801964506e-01
9.706150716801964506e-01
9.706150716801964506e-01
9.694629979474775894e-01
9.660663945508741746e-01
9.652727437572234948e-01
9.652727437572234948e-01
9.599230077089578872e-01
9.599230077089578872e-01
9.555018732878234333e-01
9.555018732878234333e-01
9.544406165066300352e-01
9.525542131790187828e-01
9.495407276286441656e-01
9.490379927509092761e-01
9.481936241045744174e-01
9.430915832882478256e-01
9.426631922348568393e-01
9.424620045336691287e-01
9.390713922812866654e-01
9.378898829030560824e-01
9.371685264672712234e-01
9.358522751510198745e-01
9.339008015100942472e-01
9.336898644220807952e-01
9.318897974913141757e-01
9.318428991964374797e-01
9.290764486574734082e-01
9.249441689087189999e-01
9.232316301063464570e-01
9.224448720615239239e-01
9.224448720615239239e-01
9.185283525486606093e-01
9.150583532431513234e-01
9.139951142463174083e-01
9.092201304288777264e-01
9.075987588992039390e-01
9.028875764406858462e-01
8.860813442675610219e-01
8.694857948600356323e-01
8.472907613597334686e-01
8.469079519310916959e-01
8.439183067116990955e-01
8.424908753717731402e-01
8.350448330661679464e-01
8.340657013077648063e-01
8.307681858956325049e-01
8.266534230008865114e-01
8.228190312543517404e-01
8.176708794698714922e-01
8.165188659043022268e-01
8.114946890251353295e-01
8.037168643758120234e-01
7.991097297687920209e-01
7.644006176398231434e-01
7.610931017389691577e-01
7.147135163321625129e-01
7.047174384085791443e-01
6.988621864191981725e-01
6.927965130713655828e-01
6.831481270368622294e-01
6.673771772631582611e-01
6.543557859772665131e-01
6.135547018145268705e-01
5.778846501801296887e-01
5.391054778929478264e-01
4.830956503321593432e-01
4.299344647946260478e-01
3.983539837668174100e-01
3.936948601630724798e-01
3.898234725624459829e-01
3.816528196964637520e-01
3.778207364695936876e-01
2.627413637357885468e-01
2.623897462955634419e-01
2.390351581447472118e-01
2.359033955462526699e-01
2.301805227121682951e-01
2.050163301621687473e-01
1.312121212121211966e-01
6.864564007421150582e-02
6.696428571428571230e-02
6.696428571428571230e-02
