1.000000000000000000e+00
1.000000000000000000e+00
9.964285714285713302e-01
9.964285714285713302e-01
9.964285714285713302e-01
9.964285714285713302e-01
9.964285714285713302e-01
9.964285714285713302e-01
9.964285714285713302e-01
9.964285714285713302e-01
9.964285714285713302e-01
9.955782312925168798e-01
9.936985320443966208e-01
9.936985320443966208e-01
9.909512792971438833e-01
9.897406255441172362e-01
9.892784044175303437e-01
9.892784044175303437e-01
9.890163041204834693e-01
9.890163041204834693e-01
9.890163041204834693e-01
9.872305898347690789e-01
9.872305898347690789e-01
9.872305898347690789e-01
9.872305898347690789e-01
9.834136030901851067e-01
9.834136030901851067e-01
9.737635309401129202e-01
9.737635309401129202e-01
9.705329754088282135e-01
9.705329754088282135e-01
9.677673757355629292e-01
9.637306815964233886e-01
9.626382970770724912e-01
9.554954399342154847e-01
9.554954399342154847e-01
9.533103234633847345e-01
9.521550194926479138e-01
9.520496676173845207e-01
9.504243583325215905e-01
9.491538896707485407e-01
9.463841128637046074e-01
9.440140928166138590e-01
9.377350715793630886e-01
9.345811764868707794e-01
9.344807589613700616e-01
9.322380049732991170e-01
9.311125547932270763e-01
9.228884222562511175e-01
9.177711603233229543e-01
9.167142858926428106e-01
9.155929582407029699e-01
9.143833558587167731e-01
8.994003484287115269e-01
8.992970647065761103e-01
8.986879233951767798e-01
8.949146630864731611e-01
8.862988700120876251e-01
8.813936698809506920e-01
8.724851725120481571e-01
8.307976638674064995e-01
8.282452260387450638e-01
8.237764907080259436e-01
8.203870925538286896e-01
8.180341283938166175e-01
8.162244293553808649e-01
8.149037691538616457e-01
8.103294355785536363e-01
8.081644510672189030e-01
8.012931329200946307e-01
7.990145714870601212e-01
7.919294949963597841e-01
7.645099876527743366e-01
7.600004578352305140e-01
7.543302159363159953e-01
7.386226199884723398e-01
7.316283952218612940e-01
7.087511253257895438e-01
7.015355525517706914e-01
6.794706104336346586e-01
6.584053751604548310e-01
6.304043026919382564e-01
5.440361028638711627e-01
4.937649256511507656e-01
3.882541603088224824e-01
3.854989478834577321e-01
3.740163148178833885e-01
3.561063310183551489e-01
2.769162891185844022e-01
2.763363120710644050e-01
2.741134472456439042e-01
2.733439485992875118e-01
2.731648246422023196e-01
2.701685719095938687e-01
2.623385386543281017e-01
2.469777034800473281e-01
2.023671816904899501e-01
1.295887810486350822e-01
1.159211963944277585e-01
0.000000000000000000e+00
0.000000000000000000e+00
