1.000000000000000000e+00
1.000000000000000000e+00
1.000000000000000000e+00
1.000000000000000000e+00
1.000000000000000000e+00
1.000000000000000000e+00
1.000000000000000000e+00
1.000000000000000000e+00
9.965156794425087394e-01
9.958153993304639240e-01
9.893840911750177991e-01
9.893282002740564351e-01
9.846483973183914884e-01
9.846483973183914884e-01
9.703626830326771424e-01
9.690021388149900883e-01
9.631853193335743191e-01
9.609423931776046590e-01
9.554404626756741736e-01
9.554404626756741736e-01
9.420976607661780688e-01
9.368552538270584762e-01
9.355289938801087946e-01
9.355289938801087946e-01
9.340193800234428689e-01
9.325776509241359147e-01
9.299279623567258124e-01
9.294808261546610995e-01
9.294808261546610995e-01
9.263752360925493479e-01
9.253414015060830167e-01
9.231404048283422537e-01
9.220114758954366385e-01
9.219902468767834369e-01
9.217641650085492966e-01
9.205961965436978423e-01
9.195809074849305986e-01
9.184478572208100156e-01
9.145282179628247965e-01
9.123370782212001373e-01
9.082857167437065060e-01
9.067328282674714801e-01
9.029078228137105144e-01
9.017059087637527837e-01
8.948134953906395905e-01
8.943496734982462337e-01
8.908965072453742806e-01
8.870379478155211439e-01
8.838441679056783240e-01
8.725859834128859571e-01
8.714581618459541490e-01
8.632658208504492281e-01
8.578813519816684829e-01
8.368018225468114579e-01
8.357540058666226290e-01
8.341681839972323598e-01
8.319411591280905238e-01
8.296317289618754254e-01
8.255617809230473281e-01
8.211297553518068781e-01
8.135708197507885986e-01
8.106259956186977478e-01
8.087875907663190089e-01
8.076661393475300654e-01
8.037303881124098215e-01
8.026565302385321177e-01
7.996324636352163395e-01
7.940367495962558086e-01
7.878311383946473567e-01
7.801958093343005496e-01
7.629511809710604053e-01
7.522542709502237912e-01
7.396449787072457704e-01
7.277472296184878120e-01
6.675512010872791668e-01
6.483022220695042748e-01
6.271115706192773587e-01
5.701748479730897046e-01
5.668053516963634797e-01
5.501243964559733302e-01
5.368048362799378026e-01
5.026525127388656866e-01
4.871441328938989068e-01
4.744633935733187369e-01
4.277328445335747409e-01
4.206242269639535181e-01
3.842538919050088597e-01
3.321110347621517023e-01
2.908348794063079779e-01
2.679073196048323280e-01
2.660730915291985577e-01
2.602158769391864079e-01
2.597086781170917513e-01
2.531414422559678523e-01
2.472331381103351489e-01
2.422353869819307559e-01
2.153061451432321804e-01
9.375775352294377085e-02
7.425267463813720048e-02
8.181246066708622658e-03
8.181246066708622658e-03
