9.880952380952381375e-01
9.880952380952381375e-01
9.880952380952381375e-01
9.880952380952381375e-01
9.880952380952381375e-01
9.880952380952381375e-01
9.880952380952381375e-01
9.880952380952381375e-01
9.880952380952381375e-01
9.880952380952381375e-01
9.846638655462186529e-01
9.846638655462186529e-01
9.846638655462186529e-01
9.846638655462186529e-01
9.788636507234472761e-01
9.777988769878660502e-01
9.777988769878660502e-01
9.777988769878660502e-01
9.730598702465710348e-01
9.703834516196974125e-01
9.694769246253380768e-01
9.687551887341105950e-01
9.656187061195631305e-01
9.649861652654312394e-01
9.646217337785507606e-01
9.646217337785507606e-01
9.639160068798451331e-01
9.624334271911868521e-01
9.624334271911868521e-01
9.601487472373341214e-01
9.601487472373341214e-01
9.594676667243206003e-01
9.593295070116928391e-01
9.575340713927279479e-01
9.494967552780667619e-01
9.475839542293531537e-01
9.472241290389729063e-01
9.456926416584289230e-01
9.455217599085997682e-01
9.440950939567899214e-01
9.433485016135589873e-01
9.424814881415034540e-01
9.421080054150795524e-01
9.388582997357063364e-01
9.378143436917502074e-01
9.356824669843929465e-01
9.350846773480239182e-01
9.332045824000843037e-01
9.265402362525305691e-01
9.202720691608093917e-01
9.166331766307297402e-01
9.115779542485773490e-01
9.086603125673463621e-01
9.046817092119285864e-01
8.999677588211422163e-01
8.956211678007381938e-01
8.948257108341831634e-01
8.935676167343780119e-01
8.890654870952708899e-01
8.872103775902298040e-01
8.826770226587725698e-01
8.784616247872988337e-01
8.620156931044649085e-01
8.581020537343585497e-01
8.228759388677840958e-01
8.168357608715878238e-01
8.122721601817974868e-01
7.940879526620623352e-01
7.913520133157784242e-01
7.885642389206873881e-01
7.832536902576074933e-01
7.801442908535024534e-01
7.596465747015888059e-01
7.512471831317488746e-01
7.399936358245450263e-01
7.330225170317843375e-01
7.271272032313488287e-01
6.958474829668042094e-01
6.843681532682481805e-01
6.711040585051772922e-01
6.635463075288601242e-01
6.565340681572805481e-01
6.288761054549686369e-01
5.245484495950408776e-01
4.805639138757173967e-01
4.546570519640177888e-01
4.097133872001070265e-01
3.748684928783440062e-01
3.268680617585864590e-01
3.189612992076046316e-01
3.184402639778702304e-01
2.657719988599192007e-01
2.656333817692472787e-01
2.650972587094604926e-01
2.612326686262025910e-01
2.599172602813860089e-01
2.397437861292021355e-01
1.842236617945462729e-01
1.223874165050635593e-01
1.183973589435774187e-01
1.183973589435774187e-01
