1.000000000000000000e+00
1.000000000000000000e+00
9.929421768707483720e-01
9.929421768707483720e-01
9.929421768707483720e-01
9.929421768707483720e-01
9.921741277156023164e-01
9.921741277156023164e-01
9.921741277156023164e-01
9.921741277156023164e-01
9.921741277156023164e-01
9.870720868992759467e-01
9.870720868992759467e-01
9.853714066271670458e-01
9.853714066271670458e-01
9.853714066271670458e-01
9.853714066271670458e-01
9.840236977322883716e-01
9.816427453513359991e-01
9.795168950111998729e-01
9.662561139803840238e-01
9.662561139803840238e-01
9.626777145008785785e-01
9.595156685639166794e-01
9.578291232891401608e-01
9.573553019197965641e-01
9.573553019197965641e-01
9.547777078332988498e-01
9.525298086736350145e-01
9.487482960685930111e-01
9.487482960685930111e-01
9.486752233612492091e-01
9.467271714131972882e-01
9.467271714131972882e-01
9.460937582695113646e-01
9.429039656060345109e-01
9.421240478278748443e-01
9.413476503123469064e-01
9.394841176960905260e-01
9.360237664773244370e-01
9.339586733324461987e-01
9.335310080406077349e-01
9.331419589273860504e-01
9.183088868842379515e-01
9.170003146748664236e-01
9.166442269295653755e-01
9.166442269295653755e-01
9.157241274851831703e-01
8.918472764375187101e-01
8.890520490227480366e-01
8.862090718051648386e-01
8.805684264398091488e-01
8.736328371863775200e-01
8.625490629965602007e-01
8.583476067354930406e-01
8.267946214441163066e-01
8.258773733195701183e-01
8.220754703027051136e-01
8.185984959920764581e-01
8.137417516433057552e-01
8.126117515262439861e-01
8.102390282433823421e-01
8.084694195715361742e-01
8.048509341070505529e-01
8.028462333235758530e-01
7.993851874489693587e-01
7.823676750637550414e-01
7.793952215015632623e-01
7.763632529174472330e-01
7.721003441608166318e-01
7.595558925115879489e-01
7.565267123636493229e-01
7.177883730736713819e-01
7.105352329039086312e-01
6.647072049249870274e-01
6.512803341423174519e-01
6.423033064565318861e-01
6.188035799045618068e-01
6.034344671191099740e-01
5.946031540211212940e-01
5.754877766511493631e-01
5.286549912256373052e-01
5.028820210158675419e-01
4.857458793927228458e-01
4.393006868198217063e-01
4.067435259517458990e-01
3.801391816379061650e-01
3.506673975870592264e-01
3.263647693910658454e-01
3.155545676808110267e-01
3.150081366027611685e-01
3.032463292737265781e-01
3.027052138918291946e-01
2.964688992038175264e-01
2.893824387753318739e-01
2.832697318697053879e-01
2.587996846707923404e-01
1.789041725531332894e-01
1.193528693528693452e-01
1.146125116713352099e-01
1.146125116713352099e-01
