9.849624060150377058e-01
9.849624060150377058e-01
9.849624060150377058e-01
9.849624060150377058e-01
9.849624060150377058e-01
9.836146971201589206e-01
9.806476267373582800e-01
9.806476267373582800e-01
9.806476267373582800e-01
9.806476267373582800e-01
9.806476267373582800e-01
9.806476267373582800e-01
9.806476267373582800e-01
9.806476267373582800e-01
9.806476267373582800e-01
9.806476267373582800e-01
9.806476267373582800e-01
9.806476267373582800e-01
9.763186224083538756e-01
9.763186224083538756e-01
9.692088340485653930e-01
9.692088340485653930e-01
9.680949381978276591e-01
9.661503011601096924e-01
9.661503011601096924e-01
9.661503011601096924e-01
9.661503011601096924e-01
9.644081408813640621e-01
9.619175358756686389e-01
9.619175358756686389e-01
9.606214113652582487e-01
9.588279667146709651e-01
9.547651967826286112e-01
9.538096795800389271e-01
9.533882964518886061e-01
9.526670193660299324e-01
9.522826583885019014e-01
9.519972915059489171e-01
9.511774735674042303e-01
9.511774735674042303e-01
9.507826861586770040e-01
9.505464634179171535e-01
9.485595646070910103e-01
9.477243073666306028e-01
9.462918644707729587e-01
9.462918644707729587e-01
9.436487763375518423e-01
9.427601912384402372e-01
9.383484785039392095e-01
9.375210640388250694e-01
9.355261197519386673e-01
9.309882193674399176e-01
9.294832051863274325e-01
9.265891887556605422e-01
9.223716615676803565e-01
9.172236730944099969e-01
9.160978285421819134e-01
9.039429723042913256e-01
8.907648491169979366e-01
8.627697860071100733e-01
8.587102188552121484e-01
8.561633221989620735e-01
8.507820299495961747e-01
8.490424061633152775e-01
8.483125355650790178e-01
8.443335803955911434e-01
8.404525139544325452e-01
8.391634326057424431e-01
8.375523637907320573e-01
8.291339164391228200e-01
8.261151767282901570e-01
8.228496370604057031e-01
7.805751651717648398e-01
7.771349484490730486e-01
7.697425784053421038e-01
7.641997327291220055e-01
7.602435538003232685e-01
7.370611028579856505e-01
7.215011646126813227e-01
7.058736943788597173e-01
6.886235394352191452e-01
6.398988024491699678e-01
5.960537580082637676e-01
5.818303971552013509e-01
4.839939300592900895e-01
4.579554475475933195e-01
4.350645657312170456e-01
3.789954304824186826e-01
3.050546944095331447e-01
2.968316390226502510e-01
2.968316390226502510e-01
2.704798725095934331e-01
2.698804503911577668e-01
2.648078316249297126e-01
2.622066187484535793e-01
2.575466214771977014e-01
2.394430796530581385e-01
1.313846042730297259e-01
8.658881183706668150e-02
6.781193490054249207e-02
6.781193490054249207e-02
