1.000000000000000000e+00
1.000000000000000000e+00
9.992927864214993239e-01
9.963165959453087472e-01
9.963165959453087472e-01
9.772689768976897673e-01
9.772689768976897673e-01
9.761635347208190705e-01
9.724041362245784414e-01
9.724041362245784414e-01
9.719264983609222641e-01
9.719264983609222641e-01
9.696223508954845416e-01
9.685251378167045733e-01
9.683225035715172790e-01
9.683225035715172790e-01
9.641208228992483864e-01
9.605079023211809952e-01
9.605079023211809952e-01
9.587657420424353649e-01
9.587657420424353649e-01
9.580331413098346349e-01
9.548280131047064412e-01
9.548280131047064412e-01
9.530887928264312192e-01
9.489236031773706781e-01
9.489236031773706781e-01
9.468060895052350379e-01
9.443132546391284077e-01
9.429160627657460214e-01
9.406887495418692069e-01
9.406887495418692069e-01
9.392267612377755981e-01
9.369444191503282227e-01
9.358781996539500270e-01
9.356923560857535183e-01
9.344517975798820597e-01
9.301849096557963659e-01
9.273501001220209039e-01
9.249855681023164689e-01
9.237257844772189808e-01
9.235153354631128186e-01
9.218516569286870910e-01
9.180872094156562468e-01
9.172346949878242839e-01
9.156136312617872974e-01
9.125656007675082559e-01
9.110511415238378152e-01
9.035908119148906570e-01
8.971932907694790682e-01
8.963227092082318714e-01
8.940799030892351285e-01
8.891579143584195100e-01
8.841217975708398624e-01
8.792127240274651978e-01
8.652101814615765774e-01
8.614624069441104703e-01
8.585477509370863514e-01
8.460851363726621388e-01
8.343952684564689415e-01
7.939737162074046450e-01
7.903138292415280430e-01
7.862184254345896406e-01
7.792578742013988036e-01
7.745975983979959123e-01
7.673399343584182963e-01
7.565377652342489823e-01
7.486517288890484068e-01
7.445481805751591464e-01
7.319623893579275675e-01
7.124739994147182287e-01
7.054778070921129407e-01
6.842233703466007455e-01
6.726810213854033105e-01
6.538944684686633924e-01
6.200912848889988949e-01
6.190428541530682560e-01
5.935881999097697426e-01
5.914163852379550335e-01
5.746286175132561125e-01
5.663072824164608887e-01
5.198587482309771080e-01
5.057144168211288315e-01
5.006550856956825113e-01
4.307600592183077337e-01
4.170895512721899401e-01
3.179644340288378390e-01
2.777408528116543374e-01
2.776283385977576512e-01
2.762534726915048533e-01
2.761040044535054139e-01
2.743210551136187059e-01
2.729481832646389328e-01
2.274867986326791214e-01
2.239750231453337403e-01
2.206371029740131218e-01
1.193313896293359821e-01
6.864564007421150582e-02
6.864564007421150582e-02
5.699088145896656632e-02
5.699088145896656632e-02
