1.000000000000000000e+00
1.000000000000000000e+00
9.951396348012888637e-01
9.936198779623831578e-01
9.936198779623831578e-01
9.936198779623831578e-01
9.936198779623831578e-01
9.900484493909545991e-01
9.864770208195260404e-01
9.864770208195260404e-01
9.864770208195260404e-01
9.864770208195260404e-01
9.864770208195260404e-01
9.864770208195260404e-01
9.851542694967746483e-01
9.851542694967746483e-01
9.851542694967746483e-01
9.851542694967746483e-01
9.851542694967746483e-01
9.822321915746966559e-01
9.768209361634412335e-01
9.768209361634412335e-01
9.750229047601467469e-01
9.742324671276038073e-01
9.742324671276038073e-01
9.734388163339530164e-01
9.725338389583874088e-01
9.718431517245897933e-01
9.718431517245897933e-01
9.695022465745984919e-01
9.672005614770997628e-01
9.661474103315841333e-01
9.654221976971308905e-01
9.649336779120796237e-01
9.627064365544033553e-01
9.542545148977573666e-01
9.535428787183765076e-01
9.493788521854569229e-01
9.452416473753285642e-01
9.442440000362177788e-01
9.376428669567806740e-01
9.361441354101694978e-01
9.343392944473605244e-01
9.322277034425301423e-01
9.307337197552169039e-01
9.286529147938498152e-01
9.254061526690079420e-01
9.175065752910489536e-01
9.086791073023310350e-01
9.050997410821791656e-01
9.044319260880238076e-01
8.985823031859531129e-01
8.953048169780019050e-01
8.923914321394273985e-01
8.879523061085476954e-01
8.797174964801576236e-01
8.753163553311477107e-01
8.317900747402509065e-01
8.234429325563491497e-01
8.221452155228438086e-01
8.174616501270196567e-01
8.089767066741363477e-01
7.956546621638137529e-01
7.884088417958279305e-01
7.831090233702987513e-01
7.787111795320481589e-01
7.753118619823854418e-01
7.689152144113657883e-01
7.593640943963853029e-01
7.508950592758562026e-01
7.360274027877565794e-01
7.141250307423346877e-01
6.774264801473394160e-01
6.666197614796448567e-01
6.307670000283429612e-01
6.163006898967384739e-01
5.948315574078615331e-01
5.852570763640726481e-01
5.751431611940241995e-01
5.492982322555320929e-01
5.403177318815891583e-01
5.180600656903270318e-01
4.550596855057577050e-01
4.243450268524515123e-01
4.080626588520724352e-01
3.412425288168394188e-01
3.305971447163772448e-01
3.291755024752536229e-01
2.816693668505087511e-01
2.791510518321937417e-01
2.787996839326083998e-01
2.720277689239467556e-01
2.708029546739224025e-01
2.035789755625468100e-01
1.918392483740074539e-01
1.414256569991786949e-01
1.307478928838152199e-01
1.246156229887249445e-01
6.868131868131868711e-02
6.868131868131868711e-02
6.868131868131868711e-02
