9.800869360902255689e-01
9.800869360902255689e-01
9.760053034371642955e-01
9.760053034371642955e-01
9.760053034371642955e-01
9.760053034371642955e-01
9.760053034371642955e-01
9.760053034371642955e-01
9.760053034371642955e-01
9.760053034371642955e-01
9.743441738690580278e-01
9.679163246707336299e-01
9.679163246707336299e-01
9.679163246707336299e-01
9.679163246707336299e-01
9.679163246707336299e-01
9.679163246707336299e-01
9.668654059643806420e-01
9.657993078833572165e-01
9.657993078833572165e-01
9.629477674804156617e-01
9.629477674804156617e-01
9.598124924962435633e-01
9.598124924962435633e-01
9.585762287599798315e-01
9.585762287599798315e-01
9.585762287599798315e-01
9.577973278579262617e-01
9.574918841726915986e-01
9.574918841726915986e-01
9.564005308946269546e-01
9.537958901658790678e-01
9.537958901658790678e-01
9.528796894873721168e-01
9.507499371710012026e-01
9.507499371710012026e-01
9.502826389712334398e-01
9.486798520652678368e-01
9.484972221951378790e-01
9.473258755826764466e-01
9.470301051005705073e-01
9.448218337567274583e-01
9.412186094817907023e-01
9.347667443170178947e-01
9.334124768890832424e-01
9.325058363598011102e-01
9.311101489539140852e-01
9.308011521157422141e-01
9.306977922304027206e-01
9.262009779046022073e-01
9.249036034816071616e-01
9.237244021868878940e-01
9.237244021868878940e-01
9.206490572163638086e-01
9.191873138658589459e-01
9.173746721617455080e-01
9.158196613177597145e-01
9.124968384350047312e-01
9.077197931220907234e-01
9.062211325813873675e-01
9.024804049161979647e-01
8.944797978330080168e-01
8.414874405525429868e-01
8.400257736950657028e-01
8.356783811503482040e-01
8.348577916693892265e-01
8.307415966165444532e-01
8.224328175260030571e-01
8.193746461568103268e-01
8.159834589090803059e-01
8.090787841301640970e-01
8.081850234252510035e-01
7.685850594182340734e-01
7.635870893656049319e-01
7.589336911060676760e-01
7.545983855401571239e-01
7.502196863223323797e-01
7.414316195874057769e-01
7.337369963805872031e-01
7.294913913285305807e-01
6.967578855674221305e-01
6.446260652679577374e-01
5.584751795376464711e-01
5.086048144328476628e-01
4.380556909372956831e-01
3.906946224425203451e-01
3.833555555584860497e-01
3.777784068572819787e-01
3.424961937749661511e-01
2.992023499376440521e-01
2.745401675507425643e-01
2.718200360245814906e-01
2.714342335554457142e-01
2.699731422529728642e-01
2.660591134136977010e-01
2.622022232383213747e-01
2.030989575976722694e-01
1.887642885781381785e-01
1.806030104349432008e-01
1.233031674208144857e-01
1.233031674208144857e-01
