9.796218487394957597e-01
9.796218487394957597e-01
9.784508885521420174e-01
9.784508885521420174e-01
9.784508885521420174e-01
9.784508885521420174e-01
9.784508885521420174e-01
9.784508885521420174e-01
9.784508885521420174e-01
9.750495280079244376e-01
9.750495280079244376e-01
9.750495280079244376e-01
9.735614327698292048e-01
9.735614327698292048e-01
9.735614327698292048e-01
9.735614327698292048e-01
9.720086377387733290e-01
9.720086377387733290e-01
9.720086377387733290e-01
9.720086377387733290e-01
9.672104838334766308e-01
9.672104838334766308e-01
9.643251917856228150e-01
9.610300571173355788e-01
9.610300571173355788e-01
9.605086806835503310e-01
9.602132993731313793e-01
9.602132993731313793e-01
9.587709558906628571e-01
9.570702756185539561e-01
9.570702756185539561e-01
9.543230228713012187e-01
9.543230228713012187e-01
9.537732339902316170e-01
9.520738123762925165e-01
9.520738123762925165e-01
9.504525035408255551e-01
9.484924180098205371e-01
9.466962845366684309e-01
9.455570866408226083e-01
9.451667665783715089e-01
9.443593131622224357e-01
9.439802872315833371e-01
9.438163891141968520e-01
9.430707081428997274e-01
9.430707081428997274e-01
9.411925693508385038e-01
9.389901652999270709e-01
9.329603405742735722e-01
9.305535729569062164e-01
9.286448362577731652e-01
9.273260447548855590e-01
9.260408867112819298e-01
9.235849996462751621e-01
9.221441363911836442e-01
9.215622741776360316e-01
9.201879482234780472e-01
9.108966850269215598e-01
9.005667022726654425e-01
8.897406858602717739e-01
8.624776312966636604e-01
8.509676176474662013e-01
8.403982412132124935e-01
8.386092495539080316e-01
8.325741243912770928e-01
8.284966822725789992e-01
8.244159546378442283e-01
8.170278504490244842e-01
8.156646321632010643e-01
8.123098475641168381e-01
8.077626770714873006e-01
8.015550788381301528e-01
7.653230991066387601e-01
7.612800713127505503e-01
7.541359125072918390e-01
7.508781986381981577e-01
7.452392117073852740e-01
7.297224271886120217e-01
7.233467746876185434e-01
7.023550548290479201e-01
6.528811951942739000e-01
6.021599014227707602e-01
5.167793154404857203e-01
4.614976655664411176e-01
4.264271699073360344e-01
3.921768789566787983e-01
3.842098348510368244e-01
3.360496563274481541e-01
2.757380370538265457e-01
2.746002263765969786e-01
2.746002263765969786e-01
2.733833297621598435e-01
2.712688901360574834e-01
2.676777811472084712e-01
2.665882098293556046e-01
2.637859100081519359e-01
2.566782087011094671e-01
1.955375019606757636e-01
1.480719481725518150e-01
1.305860805860805940e-01
1.305860805860805940e-01
