1.000000000000000000e+00
9.988662131519274734e-01
9.988662131519274734e-01
9.988662131519274734e-01
9.921697845804988702e-01
9.877054988662131718e-01
9.877054988662131718e-01
9.877054988662131718e-01
9.877054988662131718e-01
9.877054988662131718e-01
9.877054988662131718e-01
9.877054988662131718e-01
9.877054988662131718e-01
9.856010637260637086e-01
9.856010637260637086e-01
9.816141336521770899e-01
9.794976159106594249e-01
9.733638847769282565e-01
9.614591228721662830e-01
9.600018620399054514e-01
9.600018620399054514e-01
9.600018620399054514e-01
9.582880269927370742e-01
9.575636631731352377e-01
9.563120221658550912e-01
9.563120221658550912e-01
9.563120221658550912e-01
9.538367524265199959e-01
9.533619186183529548e-01
9.530328135447880822e-01
9.530328135447880822e-01
9.530328135447880822e-01
9.530328135447880822e-01
9.482435509416531350e-01
9.479710466270014901e-01
9.465704864029118593e-01
9.464487035012313365e-01
9.444887731876424608e-01
9.442693626705649379e-01
9.442693626705649379e-01
9.429803313555595867e-01
9.427162620914903979e-01
9.416448335200617858e-01
9.392722849262856721e-01
9.382114759873253496e-01
9.379384090140572283e-01
9.368007103387840928e-01
9.343086193001463036e-01
9.326488520580936692e-01
9.304170154575136520e-01
9.291274477308301138e-01
9.290073434566930022e-01
9.250241384194414218e-01
9.210532781028196725e-01
9.173098570478028790e-01
9.071742631220528486e-01
9.016269339375829750e-01
8.784053824136536237e-01
8.639350569996384621e-01
8.608699680377362995e-01
8.587275452354719008e-01
8.566205252163969774e-01
8.548335732715238722e-01
8.518806109837989693e-01
8.511988760020573475e-01
8.461848154474661543e-01
8.437238454593222192e-01
8.340531898248084719e-01
8.320971376408773379e-01
8.292344967890251661e-01
8.257268684661847047e-01
8.219804673802947326e-01
7.686016672885781498e-01
7.619353752790918310e-01
7.560537141001042460e-01
7.503633259953430557e-01
7.461046069445675943e-01
7.131011046292686784e-01
7.012150364425070448e-01
6.779876918350911108e-01
6.719677026548656062e-01
6.610453342589431847e-01
5.823239068950655239e-01
5.457189382430688296e-01
5.123509806904140707e-01
4.864009143788378675e-01
4.522852113639351801e-01
4.315697971254089382e-01
3.530206731616531424e-01
3.528381643831558501e-01
3.520725355437754334e-01
3.477128675591726337e-01
2.982473757655311752e-01
2.921829493258064625e-01
2.679337139608158891e-01
2.554256980624957096e-01
2.014514307747390376e-01
1.802924633312647240e-01
1.175534991324465039e-01
1.175534991324465039e-01
1.175534991324465039e-01
