9.809523809523810201e-01
9.809523809523810201e-01
9.797101449275362750e-01
9.797101449275362750e-01
9.797101449275362750e-01
9.772470907403441043e-01
9.746960703321807529e-01
9.746960703321807529e-01
9.746960703321807529e-01
9.746960703321807529e-01
9.746960703321807529e-01
9.746960703321807529e-01
9.746960703321807529e-01
9.746960703321807529e-01
9.723151179512283804e-01
9.723151179512283804e-01
9.723151179512283804e-01
9.723151179512283804e-01
9.723151179512283804e-01
9.723151179512283804e-01
9.723151179512283804e-01
9.692095278891166288e-01
9.656602821038459128e-01
9.648765830442848079e-01
9.648765830442848079e-01
9.639242020919037701e-01
9.622758199667764689e-01
9.622758199667764689e-01
9.622758199667764689e-01
9.618579210340261199e-01
9.618579210340261199e-01
9.561207804295971391e-01
9.560959960536676849e-01
9.554838288190189433e-01
9.549711835695317008e-01
9.549711835695317008e-01
9.542939006304541616e-01
9.536985319719136767e-01
9.515801063134868842e-01
9.443264313586945402e-01
9.434480139539968002e-01
9.416608429670052516e-01
9.400768413830037362e-01
9.367979472806222674e-01
9.347830509472684346e-01
9.340466613565041598e-01
9.340466613565041598e-01
9.330917339309884317e-01
9.310167628924478356e-01
9.280060878037807992e-01
9.271485341266780811e-01
9.241776651630951855e-01
9.224645819878014574e-01
9.144222136823862979e-01
9.131619893557239021e-01
9.076411320407784533e-01
8.949387911164742304e-01
8.927391379071574207e-01
8.837570265701529815e-01
8.810150763745905333e-01
8.717788814688469667e-01
8.301647436847970907e-01
8.246784093858835485e-01
8.201574794111268218e-01
8.156268321080181183e-01
8.131487499573760713e-01
8.101390492991681347e-01
8.040521996389590198e-01
8.019840374879588785e-01
7.989891550114073260e-01
7.930646201003288542e-01
7.897132399817234916e-01
7.576602855160777805e-01
7.521283359486742315e-01
7.459876125609895547e-01
7.408536715997883215e-01
7.329192131774433516e-01
7.252312670901586156e-01
7.237839438884721144e-01
7.150966116878189061e-01
6.875709641860172638e-01
6.076896784074644620e-01
5.747932904128517650e-01
5.624868249125086761e-01
4.765028721275005319e-01
4.675465269912712496e-01
3.858028209267713726e-01
3.360589809335220446e-01
3.241011593547153957e-01
3.241011593547153957e-01
3.232103755878673046e-01
2.753683879187161510e-01
2.739901421978547247e-01
2.680246505022962911e-01
2.673638980629862161e-01
2.597309028919971285e-01
2.422733113626001633e-01
1.940620135201416019e-01
1.582270777448211430e-01
1.264486517498565887e-01
1.264486517498565887e-01
