9.873949579831933221e-01
9.873949579831933221e-01
9.873949579831933221e-01
9.866350795637403026e-01
9.866350795637403026e-01
9.866350795637403026e-01
9.839895769182377405e-01
9.835766950024656952e-01
9.835766950024656952e-01
9.835766950024656952e-01
9.835766950024656952e-01
9.823011847983840195e-01
9.823011847983840195e-01
9.804214855502637604e-01
9.714929141216923636e-01
9.714929141216923636e-01
9.700503542335999763e-01
9.687189261890006842e-01
9.687189261890006842e-01
9.671991693500948672e-01
9.671991693500948672e-01
9.662180076546474927e-01
9.652667797058408494e-01
9.628042370831277896e-01
9.628042370831277896e-01
9.628042370831277896e-01
9.628042370831277896e-01
9.580254944172301723e-01
9.575553316685864180e-01
9.547238276387991496e-01
9.530229576771687139e-01
9.530229576771687139e-01
9.500569297327505769e-01
9.496488468778592207e-01
9.496488468778592207e-01
9.494303841563380697e-01
9.489517536028159173e-01
9.473502406376664853e-01
9.459688245317785515e-01
9.448255100631338665e-01
9.448255100631338665e-01
9.399078449318836181e-01
9.399078449318836181e-01
9.393387711485241542e-01
9.380520436915839033e-01
9.380520436915839033e-01
9.373602197922129564e-01
9.370329092579481323e-01
9.349956561294894275e-01
9.320355473431093385e-01
9.319102340599013656e-01
9.268162342850505553e-01
9.227347916033019626e-01
9.205792877123037954e-01
9.122118588718700627e-01
9.103111647465490508e-01
9.036095072799474881e-01
8.985035039283891800e-01
8.866933637177015770e-01
8.447956332588789641e-01
8.436612488205759153e-01
8.398461465900515233e-01
8.388731180971589207e-01
8.358126759191082389e-01
8.351457930090677717e-01
8.313166867353728451e-01
8.273827191489436794e-01
8.145509897054760140e-01
8.114765152168070816e-01
8.046902673246080218e-01
7.999385345983985873e-01
7.962196548016572395e-01
7.555366628628680248e-01
7.471885578422410301e-01
7.385983680218263236e-01
7.290972711491626734e-01
7.229387913688608558e-01
7.112473784124618836e-01
7.008002758603357751e-01
6.481981133462815237e-01
6.311299136940703436e-01
5.852932350396998773e-01
5.598595289400301045e-01
5.349640598013847281e-01
4.672729961886396000e-01
4.594868076438193283e-01
4.042149602880173442e-01
3.960953021683591979e-01
3.837988638475047232e-01
3.255528257186815488e-01
3.248854214638929316e-01
2.693298659083374069e-01
2.683622374776547526e-01
2.604066148844872974e-01
2.559591383521628294e-01
2.531567598820792520e-01
2.369277252236781095e-01
8.583394859895229767e-02
6.781193490054249207e-02
6.781193490054249207e-02
6.781193490054249207e-02
