1.000000000000000000e+00
1.000000000000000000e+00
1.000000000000000000e+00
1.000000000000000000e+00
9.974489795918367596e-01
9.809311224489796199e-01
9.809311224489796199e-01
9.809311224489796199e-01
9.774297218887555427e-01
9.774297218887555427e-01
9.774297218887555427e-01
9.774297218887555427e-01
9.774297218887555427e-01
9.774297218887555427e-01
9.774297218887555427e-01
9.774297218887555427e-01
9.774297218887555427e-01
9.774297218887555427e-01
9.774297218887555427e-01
9.766856742697077598e-01
9.766856742697077598e-01
9.724908145076212040e-01
9.706804129276344062e-01
9.677042224514440516e-01
9.670409072719996502e-01
9.627297794117647411e-01
9.625149566405509782e-01
9.608642963764452150e-01
9.606809110839458210e-01
9.551864055894403460e-01
9.521751941941145603e-01
9.519249309862579667e-01
9.504094457599094881e-01
9.487725409980046765e-01
9.477044502102877077e-01
9.451330612117357921e-01
9.433651751960413501e-01
9.405459705911224377e-01
9.368692430352155709e-01
9.363475792229358774e-01
9.361153433641808963e-01
9.322534175399143086e-01
9.289986602972258867e-01
9.230863651837010186e-01
9.201299992922086224e-01
9.166805814052869650e-01
9.142210181919303569e-01
9.124767497491858004e-01
9.073637251357874467e-01
9.017934372207770943e-01
9.010042958066356578e-01
8.985704093965963812e-01
8.950829370952045894e-01
8.925780316837288453e-01
8.914631542258966146e-01
8.847275989553252673e-01
8.838837637795922131e-01
8.807425930933329150e-01
8.623333006670914624e-01
8.577173134316515846e-01
8.222741370206494427e-01
8.002653640372395794e-01
7.872911451180728548e-01
7.824613827004892608e-01
7.753350069762295904e-01
7.700415668578507455e-01
7.533330265400984826e-01
7.268302336642861183e-01
7.181605714498173754e-01
7.135960358403341530e-01
7.081899202199947174e-01
6.994255103033141241e-01
6.861398551586790351e-01
6.573236956259259633e-01
6.200463595086459501e-01
6.157157001136203123e-01
5.923624155497695387e-01
5.522293422574743316e-01
5.341237944591938902e-01
5.125861804139825173e-01
5.088902742116594435e-01
4.790156011045732520e-01
4.735893941508431126e-01
4.692460112207403888e-01
3.831727848456808472e-01
3.689953404630589295e-01
3.060672153775602089e-01
2.733976291785622514e-01
2.718902999218614225e-01
2.705783585059239327e-01
2.702430131001559710e-01
2.685402435402435839e-01
2.685402435402435839e-01
2.195215489571318013e-01
2.159887100903434554e-01
1.920615113923664352e-01
1.751559523188655765e-01
1.254517294785751080e-01
6.776556776556776074e-02
6.696428571428571230e-02
6.696428571428571230e-02
