9.802197802197802901e-01
9.802197802197802901e-01
9.802197802197802901e-01
9.802197802197802901e-01
9.796195401237418610e-01
9.796195401237418610e-01
9.768722873764891235e-01
9.768722873764891235e-01
9.768722873764891235e-01
9.768722873764891235e-01
9.768722873764891235e-01
9.749675254717271589e-01
9.749675254717271589e-01
9.728666851355927125e-01
9.711065216107233056e-01
9.684740189782207187e-01
9.684740189782207187e-01
9.678246683288700414e-01
9.678246683288700414e-01
9.667733387061118178e-01
9.667733387061118178e-01
9.643176150373340416e-01
9.600493285892445217e-01
9.562057110033910234e-01
9.557418891109976666e-01
9.537279256308687225e-01
9.517974237003669069e-01
9.484170570150773916e-01
9.483791839655394407e-01
9.483791839655394407e-01
9.483791839655394407e-01
9.474733868640902168e-01
9.466400535307568642e-01
9.460255394015354424e-01
9.399396354941776943e-01
9.384679700936529034e-01
9.380494000156399670e-01
9.371636213216121281e-01
9.360543139623047626e-01
9.360543139623047626e-01
9.360543139623047626e-01
9.352564541040422341e-01
9.350136879216787156e-01
9.345498660292854698e-01
9.325217526873182949e-01
9.317740398090635923e-01
9.266871568295599326e-01
9.227323920568154536e-01
9.224610432938467053e-01
9.207190815391333993e-01
9.190375474059495620e-01
9.185840326667206179e-01
9.176008779917521618e-01
9.171944565326989318e-01
9.142565644824777182e-01
9.101691755782598259e-01
9.061094079975081650e-01
8.985779922729842939e-01
8.483783060859749758e-01
8.458550635566179920e-01
8.449685930886025043e-01
8.411642908133989405e-01
8.355766237539653529e-01
8.349920876992774632e-01
8.316879149342266686e-01
8.292472949177704944e-01
8.273761110078867720e-01
8.232791845591665991e-01
8.192082573062171580e-01
8.177098313145260144e-01
8.064112814612184321e-01
8.033836338769051455e-01
7.738664370855653507e-01
7.636535732623948025e-01
7.580035539381766441e-01
7.520090974960231822e-01
7.461224363812229976e-01
7.292002748144196245e-01
7.213024009769605227e-01
7.104813734869176445e-01
6.555569264756264669e-01
6.344602848419442775e-01
6.010300115208687677e-01
5.564986180836445362e-01
4.686123687202221610e-01
4.625762337210019837e-01
4.339225884309739767e-01
3.676886604288605587e-01
3.550271814513338287e-01
3.475527077909018603e-01
2.879517030386248289e-01
2.696846011131725507e-01
2.688152997047875692e-01
2.588535768787069702e-01
2.571905802735138247e-01
2.542299312619509810e-01
2.315461503860508918e-01
1.853752948991044536e-01
1.386034482136694890e-01
1.208731593903384083e-01
1.208731593903384083e-01
