9.776921252371916227e-01
9.776921252371916227e-01
9.776921252371916227e-01
9.776921252371916227e-01
9.776921252371916227e-01
9.776921252371916227e-01
9.776921252371916227e-01
9.776921252371916227e-01
9.776921252371916227e-01
9.776921252371916227e-01
9.759064109514773433e-01
9.759064109514773433e-01
9.759064109514773433e-01
9.759064109514773433e-01
9.725050504072596524e-01
9.725050504072596524e-01
9.720191417580856807e-01
9.697587931742077672e-01
9.697587931742077672e-01
9.697587931742077672e-01
9.676656482239199830e-01
9.657608863191580184e-01
9.620712931830066594e-01
9.603120619481397835e-01
9.584422925073189381e-01
9.584422925073189381e-01
9.555328856014877470e-01
9.555328856014877470e-01
9.555328856014877470e-01
9.552564203355783379e-01
9.552564203355783379e-01
9.518225253367554872e-01
9.508021171734901689e-01
9.508021171734901689e-01
9.503849870288850754e-01
9.500273736277934367e-01
9.488459333097306603e-01
9.488459333097306603e-01
9.488459333097306603e-01
9.488459333097306603e-01
9.464597245584853713e-01
9.429776346974499956e-01
9.429284414664385050e-01
9.397416282796253739e-01
9.393699297063531350e-01
9.374311721986281487e-01
9.354099383576076621e-01
9.342830204940061334e-01
9.331640973271627670e-01
9.328061881881412054e-01
9.308887179216270846e-01
9.301278656945014545e-01
9.301278656945014545e-01
9.230639124922773719e-01
9.212796513814577315e-01
9.146605715587687868e-01
9.128684575573523530e-01
9.008383796840019331e-01
8.688423894704181416e-01
8.566691920663356274e-01
8.454933217343922891e-01
8.428741753749159349e-01
8.406934421618336151e-01
8.385027214014513230e-01
8.360326525009147414e-01
8.321900735145133510e-01
8.283321501462957981e-01
8.193783455184178166e-01
8.185956995836989325e-01
8.167476525418650990e-01
8.096502550175410651e-01
8.060104965460279658e-01
7.705052437752348826e-01
7.635235360097164525e-01
7.566947596962299016e-01
7.545420709559796935e-01
7.457362335790412855e-01
7.401769329628002936e-01
7.297542568296518928e-01
7.131137766418615964e-01
6.759007689403272456e-01
6.088126535407606399e-01
5.347233981001731085e-01
4.636075173490138979e-01
4.001889679236401709e-01
3.923098439564685624e-01
3.863613306938771808e-01
3.825158290356164836e-01
3.359589124462706300e-01
2.770056734038927604e-01
2.770056734038927604e-01
2.752522634598106310e-01
2.752522634598106310e-01
2.654950497723140845e-01
2.634894311012735413e-01
2.595584467346125357e-01
2.517660910518053075e-01
1.902386642892971991e-01
1.249583749583749459e-01
1.249583749583749459e-01
1.249583749583749459e-01
