1.000000000000000000e+00
1.000000000000000000e+00
9.976580796252927374e-01
9.963353283025414564e-01
9.921336476302725638e-01
9.921336476302725638e-01
9.921336476302725638e-01
9.921336476302725638e-01
9.921336476302725638e-01
9.787407904874153575e-01
9.749813919911748394e-01
9.749813919911748394e-01
9.749813919911748394e-01
9.726004396102224669e-01
9.726004396102224669e-01
9.674983987938958752e-01
9.674983987938958752e-01
9.674983987938958752e-01
9.663461185507795648e-01
9.650929857186992811e-01
9.650929857186992811e-01
9.650929857186992811e-01
9.650929857186992811e-01
9.650929857186992811e-01
9.640419710853417312e-01
9.622793257440305226e-01
9.614493019429994902e-01
9.614493019429994902e-01
9.583048273699533715e-01
9.575650608074021131e-01
9.557357774632152525e-01
9.540071391266263801e-01
9.521273633980158468e-01
9.496458758045760451e-01
9.468257267382373943e-01
9.465400124525231718e-01
9.451959247355375959e-01
9.425470390943244681e-01
9.367334214896231304e-01
9.333941285605812377e-01
9.307394073299350978e-01
9.288060645483779965e-01
9.258384591016975973e-01
9.214847530158378763e-01
9.184782238437778634e-01
9.150938318010457539e-01
9.134228382003535263e-01
9.114758265444835583e-01
9.077839685966707650e-01
9.066887251025378403e-01
9.025588256619708760e-01
8.988485732108785209e-01
8.953241569603775929e-01
8.920454380625931767e-01
8.870868020960156475e-01
8.760116799804279486e-01
8.728551333725868000e-01
8.376170156230274833e-01
8.322298727361397974e-01
8.246549267511020798e-01
8.223301437493912847e-01
8.113064837327529366e-01
7.962285764805601129e-01
7.888203778989941739e-01
7.806693836336408010e-01
7.776450580813019098e-01
7.681285800494512817e-01
7.595065102414559899e-01
7.487801352885751216e-01
7.384957390454829351e-01
7.160678603981616153e-01
7.053619903385986989e-01
6.572720407191926517e-01
6.417510236716934546e-01
6.024473421334268775e-01
5.899100850693800302e-01
5.674287083303488632e-01
5.412006922497824002e-01
5.303088936698853173e-01
5.141323537414301814e-01
4.988571420725026462e-01
4.784473491390601185e-01
4.153058146213292612e-01
4.103282889645959997e-01
4.047810188105837592e-01
3.872929153784679390e-01
3.319933762079610440e-01
3.319933762079610440e-01
2.774567231641937859e-01
2.734287788599685243e-01
2.720712502003722055e-01
2.630352453957483516e-01
2.620252455836056815e-01
2.035211790474069082e-01
2.020806010832570665e-01
1.953300458939556672e-01
1.296753025358548528e-01
1.228173087416784964e-01
6.864564007421150582e-02
6.454388984509466798e-02
6.454388984509466798e-02
