9.772347535505430116e-01
9.772347535505430116e-01
9.759241375610280267e-01
9.759241375610280267e-01
9.759241375610280267e-01
9.759241375610280267e-01
9.759241375610280267e-01
9.741819772822822854e-01
9.741819772822822854e-01
9.718010249013299129e-01
9.718010249013299129e-01
9.718010249013299129e-01
9.694968774358921904e-01
9.685542716545766373e-01
9.649828430831481896e-01
9.649828430831481896e-01
9.649828430831481896e-01
9.649828430831481896e-01
9.640279156576324615e-01
9.633976635567921276e-01
9.620189870862038140e-01
9.611148279541966710e-01
9.611148279541966710e-01
9.611148279541966710e-01
9.604491283734880591e-01
9.598183053921216512e-01
9.598183053921216512e-01
9.575977012486945883e-01
9.558208927954371381e-01
9.558208927954371381e-01
9.556165516820052108e-01
9.532525291499155395e-01
9.512438861512836352e-01
9.507184727338841013e-01
9.478845972741419823e-01
9.474348305906089562e-01
9.471256159956801257e-01
9.471256159956801257e-01
9.439873556926456910e-01
9.436210553263453260e-01
9.423505866645722762e-01
9.404551424965668094e-01
9.404551424965668094e-01
9.344889154667318509e-01
9.341563639212423498e-01
9.337903195300406578e-01
9.316809548355265980e-01
9.290826712766451223e-01
9.290826712766451223e-01
9.269476119147910254e-01
9.267949867621657623e-01
9.229527704640572150e-01
9.221364439334449603e-01
9.194973925729035269e-01
9.189741988541146878e-01
9.168977458210459952e-01
9.142579125410340568e-01
9.125365308251177643e-01
9.027222158522862916e-01
8.931967550432367009e-01
8.560366465153830262e-01
8.433915140135880284e-01
8.409250208667619075e-01
8.368922254887937173e-01
8.346336235654187030e-01
8.331601878747383338e-01
8.278064945128250640e-01
8.233870082293588410e-01
8.199706481617281550e-01
8.190780695167551029e-01
8.143336778795189357e-01
8.068007355597303087e-01
7.678255955600244986e-01
7.635150726652163433e-01
7.576896239374599773e-01
7.536857320864729370e-01
7.450376318245438556e-01
7.308089456568666042e-01
7.242383788807440492e-01
7.015114131398952901e-01
6.736132448081836310e-01
6.295552082755985213e-01
5.885549134075319655e-01
4.752281616279390719e-01
4.038544310282215499e-01
3.960310357057947317e-01
3.924100650779353550e-01
3.871897139093286033e-01
3.314482998699293526e-01
2.749584042281810747e-01
2.744195388520160317e-01
2.723381289281215922e-01
2.703748949935071977e-01
2.643404804693582633e-01
2.601534008887406713e-01
2.565585441502667985e-01
2.304112536321782922e-01
1.918324730824731150e-01
1.267170329670329887e-01
1.267170329670329887e-01
1.267170329670329887e-01
