9.808802308802310188e-01
9.808802308802310188e-01
9.799983966650633871e-01
9.799983966650633871e-01
9.799983966650633871e-01
9.799983966650633871e-01
9.799983966650633871e-01
9.799983966650633871e-01
9.799983966650633871e-01
9.799983966650633871e-01
9.765970361208456962e-01
9.738497833735929587e-01
9.718656563894659817e-01
9.718656563894659817e-01
9.718656563894659817e-01
9.706751801989897954e-01
9.706751801989897954e-01
9.706751801989897954e-01
9.683934341672438828e-01
9.672554789851710577e-01
9.650113995352089802e-01
9.650113995352089802e-01
9.629448752510768594e-01
9.629448752510768594e-01
9.629448752510768594e-01
9.612713101188278264e-01
9.612713101188278264e-01
9.596443259918437940e-01
9.591741632432000397e-01
9.586919450394627562e-01
9.568122457913423862e-01
9.567925032342864400e-01
9.567925032342864400e-01
9.561265942758438996e-01
9.559010303660694374e-01
9.559010303660694374e-01
9.554988112259862332e-01
9.532833229246323592e-01
9.530740649094996408e-01
9.516600560328042357e-01
9.516600560328042357e-01
9.480628783761064771e-01
9.476547151108002387e-01
9.471278315201209219e-01
9.441054308209272383e-01
9.434349675550441905e-01
9.413014964616986946e-01
9.401452501882732182e-01
9.319666431091070402e-01
9.301328042266313600e-01
9.289598980672023609e-01
9.251830550647446305e-01
9.251830550647446305e-01
9.237768471772701551e-01
9.237768471772701551e-01
9.234933883646611052e-01
9.231003971062771152e-01
9.216152214803668974e-01
9.148811668845733269e-01
9.089891821340509992e-01
9.038167756312359691e-01
8.997508443379469423e-01
8.855022474616240924e-01
8.350487420793923921e-01
8.255355790786479409e-01
8.222972630887571688e-01
8.215474712597157225e-01
8.191110110412401779e-01
8.184217383733419782e-01
8.147843704767663287e-01
8.133681661023627329e-01
8.069026580905608315e-01
7.764485613951894738e-01
7.708564272952890262e-01
7.671238445662488248e-01
7.613851273484175675e-01
7.511771770173373275e-01
7.426029679849808218e-01
7.332912146470504933e-01
7.194617923674805349e-01
6.740835344595685896e-01
6.090118513257379851e-01
5.796075390237669378e-01
5.496876973855314708e-01
4.708775774306818152e-01
4.432826330212973898e-01
4.359742230405181940e-01
3.788009699197361635e-01
3.375036453754324262e-01
2.738406659130343535e-01
2.725914986911822657e-01
2.716883428206143258e-01
2.702235704674729178e-01
2.646778067074234686e-01
2.603168713005961088e-01
2.588814584513911554e-01
1.977058292489045077e-01
1.895842252985110166e-01
1.405887278189436596e-01
1.249583749583749459e-01
1.249583749583749459e-01
