9.821428571428570953e-01
9.821428571428570953e-01
9.781746031746031411e-01
9.772347535505430116e-01
9.772347535505430116e-01
9.772347535505430116e-01
9.772347535505430116e-01
9.772347535505430116e-01
9.758061821219715659e-01
9.758061821219715659e-01
9.758061821219715659e-01
9.758061821219715659e-01
9.758061821219715659e-01
9.758061821219715659e-01
9.758061821219715659e-01
9.714330042794060427e-01
9.704806233270250049e-01
9.704806233270250049e-01
9.704806233270250049e-01
9.704806233270250049e-01
9.641437823950556041e-01
9.625204057716789663e-01
9.625204057716789663e-01
9.614630816138224345e-01
9.614630816138224345e-01
9.614630816138224345e-01
9.577996090563407616e-01
9.573293585860902510e-01
9.573293585860902510e-01
9.545885600334186316e-01
9.530187013207027658e-01
9.497954864684187148e-01
9.490145467057160555e-01
9.481231508675117547e-01
9.430211100511851630e-01
9.424984619675614850e-01
9.404721575121036681e-01
9.404538603218203230e-01
9.404538603218203230e-01
9.401158848412468627e-01
9.392768825736732552e-01
9.392768825736732552e-01
9.373823505194878170e-01
9.373823505194878170e-01
9.372843474304304312e-01
9.369599745513300659e-01
9.339615699414769434e-01
9.333926150868078198e-01
9.330694088812486742e-01
9.314737575900470246e-01
9.288170695469284421e-01
9.257237381822791544e-01
9.234083262833358008e-01
9.202312436544536345e-01
9.194184475589061156e-01
9.191531176288129101e-01
9.180203833372677646e-01
9.132770185660125106e-01
9.094992788720118737e-01
9.024253305860138186e-01
9.008026847593180175e-01
8.921669308938301457e-01
8.830741616938381222e-01
8.591003334165970839e-01
8.422937166192435710e-01
8.329993675780178464e-01
8.297099618017910183e-01
8.213846341553612262e-01
8.175005930358999473e-01
8.145412139022443210e-01
8.070332239343965819e-01
8.045978205777751802e-01
7.678665800806138142e-01
7.651478910153709512e-01
7.592998851902438284e-01
7.567982905564744067e-01
7.469433566693493010e-01
7.397684063703652280e-01
7.311929300777555429e-01
7.242237216048816872e-01
6.891443877334852974e-01
6.507994871846956020e-01
5.974892713967471236e-01
5.195227105856278227e-01
4.461068273983224697e-01
4.318565319371217015e-01
3.815797972127086268e-01
3.458762464147432936e-01
3.130626282132835669e-01
2.986468495622589536e-01
2.976934778521030944e-01
2.716773504273504725e-01
2.707417559329484691e-01
2.666433730396940982e-01
2.638586904273886313e-01
2.599521102560616304e-01
2.004016396599516969e-01
1.919973222979552141e-01
1.769509993859705033e-01
1.267170329670329887e-01
1.267170329670329887e-01
