1.000000000000000000e+00
1.000000000000000000e+00
9.972527472527472625e-01
9.972527472527472625e-01
9.972527472527472625e-01
9.972527472527472625e-01
9.963921620548126246e-01
9.963921620548126246e-01
9.947310324867063569e-01
9.947310324867063569e-01
9.947310324867063569e-01
9.947310324867063569e-01
9.947310324867063569e-01
9.928005305562043192e-01
9.928005305562043192e-01
9.928005305562043192e-01
9.914399863385172651e-01
9.914399863385172651e-01
9.804131459818116179e-01
9.804131459818116179e-01
9.804131459818116179e-01
9.795525607838769799e-01
9.795525607838769799e-01
9.786712135108827093e-01
9.715283563680255918e-01
9.708691847270544129e-01
9.690376828955525879e-01
9.663291545765418933e-01
9.642810051644639113e-01
9.629814600052695184e-01
9.601392404963834393e-01
9.559523962671663266e-01
9.553751956899656506e-01
9.553751956899656506e-01
9.553751956899656506e-01
9.553751956899656506e-01
9.538213770629763166e-01
9.534416097714443206e-01
9.534416097714443206e-01
9.487358953297350128e-01
9.476516957084012427e-01
9.473133883424440516e-01
9.452306932895184755e-01
9.418651276539814488e-01
9.327129083977838686e-01
9.325277623969375762e-01
9.321804540367291114e-01
9.251466332956425065e-01
9.242158382955855123e-01
9.228969581637712638e-01
9.200929314048886809e-01
9.187834360339873774e-01
9.181456117544647411e-01
9.138021615052622781e-01
9.090893330032771003e-01
9.060960171114548212e-01
9.029635624379040992e-01
9.016593953829413755e-01
8.907347881269501721e-01
8.892250766775993132e-01
8.854357368097257597e-01
8.790235142362555765e-01
8.700849682564875121e-01
8.666539023392586527e-01
8.622892592819189073e-01
8.553516275620385301e-01
8.464603487593508335e-01
8.178788231241569395e-01
7.952714442503616699e-01
7.898329690804374303e-01
7.855804107584851703e-01
7.783599455664113043e-01
7.686614243005819302e-01
7.618448384620012392e-01
7.558450833802806690e-01
7.429038555503542085e-01
7.350694441974601201e-01
7.098072601772310586e-01
6.751195768082592918e-01
6.104398794249477067e-01
5.853111504138464039e-01
5.601268140772407422e-01
4.872225693300503147e-01
4.594424519724463196e-01
4.366750851808277045e-01
4.268671656844776896e-01
4.036744938213164824e-01
4.017041389829487663e-01
3.734919277655355252e-01
3.649246129467810795e-01
3.001028370879375018e-01
2.946257487922230855e-01
2.923500230563961799e-01
2.356679410325623891e-01
1.949547547853880680e-01
1.796087132206824200e-01
1.479046389591252564e-01
1.303339517625231869e-01
8.530469986426170159e-02
6.613756613756613389e-02
6.613756613756613389e-02
