9.844387755102042004e-01
9.844387755102042004e-01
9.844387755102042004e-01
9.844387755102042004e-01
9.844387755102042004e-01
9.838484567380672008e-01
9.838484567380672008e-01
9.838484567380672008e-01
9.838484567380672008e-01
9.831616435512540164e-01
9.818861333471724517e-01
9.818861333471724517e-01
9.818861333471724517e-01
9.818861333471724517e-01
9.818861333471724517e-01
9.818861333471724517e-01
9.818861333471724517e-01
9.807806911703016439e-01
9.801854530750635508e-01
9.801854530750635508e-01
9.787848928509738089e-01
9.760657017262481805e-01
9.760657017262481805e-01
9.756194962575539531e-01
9.750526028335176898e-01
9.750526028335176898e-01
9.750526028335176898e-01
9.708445955199203059e-01
9.708445955199203059e-01
9.708445955199203059e-01
9.683071167919653499e-01
9.677572672225079886e-01
9.670907937365618157e-01
9.645231626082689802e-01
9.645231626082689802e-01
9.636880487017416286e-01
9.621237587148023795e-01
9.591829516721566140e-01
9.591829516721566140e-01
9.550300099713548985e-01
9.480030027877919263e-01
9.426416516681056512e-01
9.426416516681056512e-01
9.281204585754839753e-01
9.248422591689861028e-01
9.199297987480512528e-01
9.199297987480512528e-01
9.177690576659210953e-01
9.097045409037899377e-01
9.085495257062216057e-01
9.059458236970694411e-01
9.022662309207388764e-01
8.998572478027541122e-01
8.906110781785072650e-01
8.796639751168592314e-01
8.784398694064521340e-01
8.773435905487267927e-01
8.751337164534038759e-01
8.732179338832353199e-01
8.654794913356023134e-01
8.446007361983404182e-01
8.290742961025839852e-01
8.244599591201799971e-01
8.188755750076736062e-01
8.169073529337440576e-01
8.091315639454567110e-01
8.060363870551255916e-01
7.923621014839939969e-01
7.888128325747618685e-01
7.800148822582453345e-01
7.757988867511083075e-01
7.708540087641405636e-01
7.510487038583806285e-01
7.445553849124273427e-01
7.422059896189239225e-01
7.360498053394082252e-01
7.257001296408509550e-01
7.128388002235583887e-01
7.014089584675257116e-01
6.959964004706037377e-01
6.710459208734113057e-01
6.283126172008473009e-01
6.001291253500008471e-01
5.307049593711170576e-01
4.543409594990744371e-01
4.135915839864016674e-01
3.853799795478113355e-01
3.754584888581965485e-01
3.706474253324041901e-01
3.149256601865552674e-01
3.134183407516042408e-01
2.654725781051928135e-01
2.629979089313400631e-01
2.553143307431938180e-01
2.207522334060958991e-01
2.005539319273562937e-01
1.910048558897243232e-01
1.335604439309861502e-01
1.318231318231318228e-01
5.151098901098900840e-02
5.151098901098900840e-02
