1.000000000000000000e+00
1.000000000000000000e+00
9.965156794425087394e-01
9.965156794425087394e-01
9.965156794425087394e-01
9.965156794425087394e-01
9.948545498744023607e-01
9.948545498744023607e-01
9.948545498744023607e-01
9.948545498744023607e-01
9.948545498744023607e-01
9.948545498744023607e-01
9.928137335478718351e-01
9.926741428278628154e-01
9.824700611952098539e-01
9.815346870455499140e-01
9.815346870455499140e-01
9.815346870455499140e-01
9.779632584741213552e-01
9.758204013312642422e-01
9.747534651228185743e-01
9.737840604791339061e-01
9.733020863129491218e-01
9.707080028079876355e-01
9.691552077769316487e-01
9.647750641110738323e-01
9.647750641110738323e-01
9.623260845192370683e-01
9.596071783942906608e-01
9.587727598769453241e-01
9.587727598769453241e-01
9.583624558952127392e-01
9.570168627128847749e-01
9.570168627128847749e-01
9.567852613941196793e-01
9.562631013105741262e-01
9.533601092636512231e-01
9.509562120873064073e-01
9.503002354109214567e-01
9.499471280662887818e-01
9.490259244390882865e-01
9.485458981695094050e-01
9.481196610860864737e-01
9.481196610860864737e-01
9.481196610860864737e-01
9.474729901323051262e-01
9.446138622405435559e-01
9.421050169336168123e-01
9.362439498644284930e-01
9.316287784137189387e-01
9.306193403343036019e-01
9.283140239061549170e-01
9.252084030261252812e-01
9.163442704760437207e-01
9.114193836974004981e-01
9.084455165387905762e-01
9.044141627889545898e-01
9.000558334163190066e-01
8.914388836213401612e-01
8.782787626273899084e-01
8.490863636901816447e-01
8.460918094583921301e-01
8.416923669033566924e-01
8.403704897055680467e-01
8.385451009221295271e-01
8.372655769451931018e-01
8.368746797775198365e-01
8.229703162147709028e-01
8.183701480142601126e-01
8.156876272074891077e-01
8.111469126111192640e-01
8.093956280664011960e-01
7.736438601522115377e-01
7.582672762067387273e-01
7.533034203871012968e-01
7.478832243134904134e-01
7.290033457348857882e-01
7.182307126664104757e-01
7.176468316230855127e-01
6.511616411829633799e-01
6.052974083801899718e-01
5.611893803531268210e-01
5.519362782705140580e-01
5.462519899100718446e-01
4.404723501011176268e-01
4.305679639532822844e-01
3.997732910048152344e-01
3.374081122405314104e-01
3.010907852113469674e-01
3.007447620148902545e-01
3.005761366261944234e-01
2.771869009502567205e-01
2.768941279394240840e-01
2.714026015912808232e-01
2.658170302138405106e-01
2.559783446830355413e-01
2.336907281438825312e-01
1.962208982059677476e-01
1.521810344299736051e-01
1.332908163265306145e-01
1.332908163265306145e-01
