9.965156794425087394e-01
9.965156794425087394e-01
9.965156794425087394e-01
9.965156794425087394e-01
9.965156794425087394e-01
9.965156794425087394e-01
9.965156794425087394e-01
9.965156794425087394e-01
9.965156794425087394e-01
9.965156794425087394e-01
9.965156794425087394e-01
9.965156794425087394e-01
9.965156794425087394e-01
9.965156794425087394e-01
9.957793024174719232e-01
9.957793024174719232e-01
9.957793024174719232e-01
9.957793024174719232e-01
9.957793024174719232e-01
9.943507309889004775e-01
9.943507309889004775e-01
9.869386972098715960e-01
9.768509556455843290e-01
9.756604794551080317e-01
9.747998942571732828e-01
9.723680443873389256e-01
9.723680443873389256e-01
9.723680443873389256e-01
9.700666363986832907e-01
9.698722729390139019e-01
9.698722729390139019e-01
9.698722729390139019e-01
9.689115377677522956e-01
9.668681640272787092e-01
9.664580478276888487e-01
9.615727944440503050e-01
9.615727944440503050e-01
9.615727944440503050e-01
9.615727944440503050e-01
9.575680891854608801e-01
9.566395760084961397e-01
9.566395760084961397e-01
9.550692493964892948e-01
9.531578705592399503e-01
9.521960104053424079e-01
9.493211762611583060e-01
9.493211762611583060e-01
9.465910558456857027e-01
9.456381961216245857e-01
9.452771387609544274e-01
9.446096640139252099e-01
9.431390385665354703e-01
9.431390385665354703e-01
9.406040468642608010e-01
9.363972061062139085e-01
9.335267303278939055e-01
9.308130378026699958e-01
9.122520182228707197e-01
8.998198415364940805e-01
8.653045812721418262e-01
8.640176464899610442e-01
8.624566154107624616e-01
8.522087840564692707e-01
8.495249978306579353e-01
8.475702796045148091e-01
8.440418486193100867e-01
8.421990562202296138e-01
8.316910051452365282e-01
8.294883275107176601e-01
8.202234703936148730e-01
8.172299531579433340e-01
8.137950675854185301e-01
7.862243193213844794e-01
7.794974720655385436e-01
7.622008214624058642e-01
7.573957937612539881e-01
7.513490355279085486e-01
7.358672902299280283e-01
7.209347156068174334e-01
6.978742622658080652e-01
6.689921843883264163e-01
6.367214660686026928e-01
5.752332978854821643e-01
4.884450224179612832e-01
4.357013245458906670e-01
4.292147532300550905e-01
3.936971370007084636e-01
3.916233395106850090e-01
3.587124713055661052e-01
3.089500446323737437e-01
3.089500446323737437e-01
2.765581984357622369e-01
2.765581984357622369e-01
2.746579967076861473e-01
2.730746505340175267e-01
2.685227468157845299e-01
2.505031563088097046e-01
1.323140704093085096e-01
6.864564007421150582e-02
6.696428571428571230e-02
6.696428571428571230e-02
