9.976190476190476275e-01
9.976190476190476275e-01
9.964083938660209805e-01
9.964083938660209805e-01
9.964083938660209805e-01
9.899148873725145403e-01
9.899148873725145403e-01
9.899148873725145403e-01
9.899148873725145403e-01
9.899148873725145403e-01
9.882142071004056394e-01
9.882142071004056394e-01
9.882142071004056394e-01
9.882142071004056394e-01
9.882142071004056394e-01
9.882142071004056394e-01
9.882142071004056394e-01
9.867402841979113770e-01
9.853540017405564289e-01
9.853540017405564289e-01
9.833980469448448947e-01
9.822075707543687084e-01
9.812223490794919067e-01
9.810122650458784621e-01
9.810122650458784621e-01
9.810122650458784621e-01
9.800164121592692679e-01
9.787574165579823182e-01
9.787574165579823182e-01
9.770153996903483407e-01
9.757999390307583454e-01
9.736462784527299963e-01
9.712734107997265109e-01
9.700366740981595237e-01
9.700366740981595237e-01
9.700366740981595237e-01
9.694686726816469369e-01
9.644540984416677398e-01
9.634129464399979748e-01
9.574710063989522180e-01
9.573526518471000557e-01
9.550215181596978242e-01
9.529402660784457302e-01
9.518574797283320121e-01
9.467493145760209616e-01
9.457206773146648038e-01
9.443473906138490914e-01
9.424990343993592257e-01
9.416770836943836320e-01
9.408932443727501260e-01
9.387136749940753200e-01
9.371337991188267713e-01
9.305444920497770722e-01
9.132192861115318028e-01
9.106462990053408868e-01
9.097329988056891414e-01
9.087845105011319591e-01
9.030219735054301200e-01
8.945901960851802004e-01
8.905896411339501162e-01
8.814244765463230546e-01
8.664093749314979442e-01
8.567043857540681540e-01
8.449868855002591328e-01
8.260497948523994882e-01
8.232023109347716971e-01
8.186044090448787447e-01
8.055074462254460110e-01
8.033833529196089396e-01
8.010493413652755024e-01
7.976409830488532249e-01
7.885913292460801083e-01
7.523793571469707953e-01
7.485792469192292797e-01
7.338510929831854046e-01
7.233903930666637505e-01
7.099680867374921212e-01
6.730309284187327989e-01
6.600967178772526589e-01
6.199671697629820510e-01
6.017756935065643464e-01
5.733823385934574413e-01
5.644225544034281450e-01
4.805895241925951522e-01
4.037304853892335066e-01
4.020756502049865344e-01
4.016630120314375607e-01
3.911475181199554063e-01
3.294456904784322515e-01
2.781038803906317747e-01
2.779336124401913799e-01
2.754474261771747701e-01
2.750902722967639713e-01
2.718512887885138896e-01
2.713335448366137048e-01
2.680290302751729414e-01
2.607951990790261521e-01
1.519342869773903926e-01
1.362252517325577561e-01
6.533101045296167697e-02
6.533101045296167697e-02
