1.000000000000000000e+00
1.000000000000000000e+00
1.000000000000000000e+00
1.000000000000000000e+00
9.975369458128078293e-01
9.891335844682700440e-01
9.891335844682700440e-01
9.891335844682700440e-01
9.879626242809164127e-01
9.879626242809164127e-01
9.856584768154785792e-01
9.856584768154785792e-01
9.856584768154785792e-01
9.844783037234251521e-01
9.844783037234251521e-01
9.844783037234251521e-01
9.844783037234251521e-01
9.833042391877485633e-01
9.817665823678906056e-01
9.784158782921598130e-01
9.751368992067289687e-01
9.751368992067289687e-01
9.728882733669644844e-01
9.728882733669644844e-01
9.728882733669644844e-01
9.713009717796629028e-01
9.713009717796629028e-01
9.713009717796629028e-01
9.705563299975026315e-01
9.703902170406920602e-01
9.681524954481316447e-01
9.672815118701312276e-01
9.664795170903881516e-01
9.642669636400018618e-01
9.619999746388216977e-01
9.619999746388216977e-01
9.603590479978950656e-01
9.567632013290296999e-01
9.546164912138814795e-01
9.546164912138814795e-01
9.512164462453892577e-01
9.499668684000666108e-01
9.481693940911942731e-01
9.477536722469009911e-01
9.474949772195941922e-01
9.447171898975434967e-01
9.438207690581453813e-01
9.437220116064467534e-01
9.432984768079119009e-01
9.422141890968324107e-01
9.407574755896108698e-01
9.387662586066322090e-01
9.352965154952253002e-01
9.175615575533243584e-01
9.130152747503101907e-01
9.125580506088754040e-01
9.081525027442934883e-01
8.554344336599913889e-01
8.544475279572555371e-01
8.470507174789290161e-01
8.444546710858901184e-01
8.433765004521683872e-01
8.391706710788350287e-01
8.386929966387707269e-01
8.375047128022181653e-01
8.310842510871626621e-01
8.262140070531719394e-01
8.054586419631032390e-01
8.000528233337791395e-01
7.984274061096128250e-01
7.896347234094384104e-01
7.840735193552432758e-01
7.663735743165392966e-01
7.621622836137597057e-01
7.453043388776899869e-01
7.372709578455756141e-01
7.258753689428723010e-01
6.779861336099896052e-01
6.571800234462564783e-01
6.279151686891877304e-01
6.279151686891877304e-01
5.925729105842804101e-01
5.835270267827675772e-01
5.822358795505835349e-01
5.057841125023265771e-01
4.897154544606447391e-01
4.668834944601391590e-01
4.115730499295785494e-01
3.717752357965804499e-01
3.145202317215852750e-01
3.136524767255824409e-01
2.777817807183144416e-01
2.756550040817338787e-01
2.751454034845440266e-01
2.737204884417427930e-01
2.717542030870455094e-01
2.675104180529135345e-01
1.959844823943272529e-01
1.162646876932591222e-01
1.145833333333333287e-01
1.145833333333333287e-01
