1.000000000000000000e+00
1.000000000000000000e+00
1.000000000000000000e+00
1.000000000000000000e+00
1.000000000000000000e+00
1.000000000000000000e+00
1.000000000000000000e+00
1.000000000000000000e+00
9.978991596638655537e-01
9.978991596638655537e-01
9.967281994765119224e-01
9.967281994765119224e-01
9.967281994765119224e-01
9.967281994765119224e-01
9.955944126284393958e-01
9.933622697712964911e-01
9.925016845733619641e-01
9.925016845733619641e-01
9.786735593390948340e-01
9.786735593390948340e-01
9.786735593390948340e-01
9.781346113655393637e-01
9.781346113655393637e-01
9.781346113655393637e-01
9.781346113655393637e-01
9.751197690649827665e-01
9.741213597510084421e-01
9.731479658509434305e-01
9.701296609133925886e-01
9.697310235284538615e-01
9.692362801765675995e-01
9.617906692024416060e-01
9.616640227991994916e-01
9.616640227991994916e-01
9.602062968516776875e-01
9.602062968516776875e-01
9.571640758540855831e-01
9.543675908484422488e-01
9.536279362801021175e-01
9.517306479055108737e-01
9.451800367677437587e-01
9.402940851603220906e-01
9.392384848942428865e-01
9.318741954749604206e-01
9.287471382004376386e-01
9.281381403498418781e-01
9.176471006414398390e-01
9.120107647606641166e-01
9.016174016480681397e-01
8.991059861229538930e-01
8.971539275100429700e-01
8.842494891467689300e-01
8.831456222009590462e-01
8.633009418988397687e-01
8.576638804476907074e-01
8.329598768302094447e-01
8.318470655908160039e-01
8.294416850063076607e-01
8.243396441899809579e-01
8.221376889580432890e-01
8.215232528986280425e-01
8.178412534383074917e-01
8.077097706269436017e-01
8.024833898231039653e-01
7.992685064888839230e-01
7.942891998107624030e-01
7.899926829158487873e-01
7.493930101911645547e-01
7.448575370241903304e-01
7.410691282751228348e-01
6.934510985793002069e-01
6.821811643334800834e-01
6.669017326831427894e-01
6.635897737302103305e-01
6.556932530201901033e-01
6.502864749569681191e-01
6.378932767981467800e-01
6.203387328797569378e-01
6.074902709031658743e-01
5.955740439611202364e-01
5.756553695673264359e-01
5.292823237498602840e-01
4.840371130492994167e-01
4.627640924557082647e-01
4.366395688046713630e-01
4.106107836312777870e-01
3.883215617874454795e-01
3.852288665023531067e-01
3.721606908563204752e-01
3.020682248111024593e-01
3.016841684670825141e-01
2.494218330688919294e-01
2.492842669313257709e-01
2.435449099511599602e-01
2.397519722649256446e-01
2.358061288043728776e-01
2.318840094308906585e-01
1.292111644224320233e-01
6.868131868131868711e-02
6.868131868131868711e-02
6.868131868131868711e-02
