1.000000000000000000e+00
1.000000000000000000e+00
1.000000000000000000e+00
1.000000000000000000e+00
9.957983193277311074e-01
9.922434251478369216e-01
9.922434251478369216e-01
9.922434251478369216e-01
9.922434251478369216e-01
9.796383831310302437e-01
9.775975668044996070e-01
9.773587478726714073e-01
9.773587478726714073e-01
9.754700116089353168e-01
9.754700116089353168e-01
9.754700116089353168e-01
9.746394468248820164e-01
9.746394468248820164e-01
9.746394468248820164e-01
9.746394468248820164e-01
9.746394468248820164e-01
9.739177109336546456e-01
9.739177109336546456e-01
9.722668194522546825e-01
9.698037652650626228e-01
9.696306050919023534e-01
9.674661029274000956e-01
9.674661029274000956e-01
9.594021545663132811e-01
9.576805324708593803e-01
9.562431153987672738e-01
9.539498342687916521e-01
9.514298133383294331e-01
9.511318890404051318e-01
9.447573534105503379e-01
9.413593912240207917e-01
9.385252490804143477e-01
9.367022889954071951e-01
9.367022889954071951e-01
9.313731525908577336e-01
9.295688270476689663e-01
9.239079506490123217e-01
9.225996635288060688e-01
9.188920290061933782e-01
9.183368069173577508e-01
9.141707428119751899e-01
9.100011240349811237e-01
9.077057055409237796e-01
9.054316200722049013e-01
9.022513076370539675e-01
9.000380016268383354e-01
8.988458453589610597e-01
8.979607189801485090e-01
8.773647658785969083e-01
8.740649769756798637e-01
8.734663674351322848e-01
8.731048947068192900e-01
8.662957857305276788e-01
8.328380530439571938e-01
8.312536745327011589e-01
8.300159250896939067e-01
8.255330910322410398e-01
8.228413188562663239e-01
8.203933990171481394e-01
8.176198505171720088e-01
8.126381710735822717e-01
8.089823216191710520e-01
7.985971071141373390e-01
7.944074993392303830e-01
7.923066671495969659e-01
7.867591281057456643e-01
7.811692161184045080e-01
7.520446418772691599e-01
7.401066095737591777e-01
7.334783517321572521e-01
7.274038455633730083e-01
7.196472338835750993e-01
7.054314345205884296e-01
6.932155321428831174e-01
6.740960076505081444e-01
6.493775783648080280e-01
6.056459494584922609e-01
5.878841674677751650e-01
5.432828514451564228e-01
4.901786584345776410e-01
4.837070376251239034e-01
4.774196224691252821e-01
4.691837221211332953e-01
3.898883051038047332e-01
3.318626926317483905e-01
3.314293853375387955e-01
3.269096545407575993e-01
2.728224610802671424e-01
2.640482425320884174e-01
2.437621812251611342e-01
2.372353836639551072e-01
1.955604800842896118e-01
1.846093747967119947e-01
1.285534741755939847e-01
1.229330441854161043e-01
1.229330441854161043e-01
