1.000000000000000000e+00
1.000000000000000000e+00
1.000000000000000000e+00
1.000000000000000000e+00
9.957983193277311074e-01
9.816895936456775384e-01
9.783732671150652260e-01
9.777179591203076781e-01
9.777179591203076781e-01
9.777179591203076781e-01
9.777179591203076781e-01
9.777179591203076781e-01
9.768433235517945956e-01
9.768433235517945956e-01
9.768433235517945956e-01
9.703498170582880444e-01
9.692604924395517019e-01
9.680943116815342586e-01
9.680943116815342586e-01
9.680943116815342586e-01
9.680943116815342586e-01
9.672337264835996207e-01
9.664910296689436242e-01
9.659230434383069275e-01
9.659230434383069275e-01
9.637325248895923790e-01
9.619903646108467488e-01
9.619098817134624779e-01
9.619098817134624779e-01
9.594877692514562906e-01
9.594877692514562906e-01
9.484987582624453406e-01
9.467631107324052664e-01
9.445671820391989826e-01
9.437998459270353635e-01
9.422514782165382075e-01
9.403020364379039986e-01
9.395233187527115559e-01
9.393007713470653552e-01
9.390993880521570913e-01
9.385855134375630238e-01
9.374999728383447417e-01
9.357130071025918649e-01
9.325847759292356098e-01
9.301990854936219577e-01
9.281661308023114731e-01
9.265010935299173855e-01
9.265010935299173855e-01
9.192433041290136719e-01
9.178745249844372234e-01
9.175549518897831991e-01
9.094497702767483371e-01
9.073644707671550957e-01
8.959832571081924879e-01
8.916152133637816890e-01
8.731209344869723665e-01
8.406441756675026022e-01
8.401942416662343538e-01
8.387856824732132788e-01
8.358941549184983888e-01
8.325503466750243664e-01
8.310976576326132292e-01
8.266288331554887403e-01
8.233408615312896028e-01
8.186186866869992196e-01
8.136561127733328291e-01
8.064194835716645970e-01
8.033078463342276931e-01
8.017219689834493845e-01
7.976313470137987860e-01
7.924870669570458492e-01
7.903666629297925184e-01
7.787962668688227508e-01
7.742867713654134620e-01
7.582845620779233853e-01
7.444864190876222532e-01
7.406035806962121271e-01
6.942516623916628049e-01
6.736356279028965499e-01
6.339297514968643688e-01
5.979763185001932824e-01
5.521469214063801090e-01
5.362035237908255869e-01
5.278034617348861257e-01
4.621709724755534987e-01
4.527539854994195312e-01
4.262106163875541420e-01
3.821001225148469294e-01
3.434890902054825168e-01
2.734925341522820852e-01
2.729900718647447211e-01
2.724408895139315834e-01
2.713260535630802051e-01
2.021036070732067091e-01
1.966035740721158998e-01
1.924937292189231874e-01
1.826685709822474524e-01
1.290142952850791280e-01
6.776556776556776074e-02
1.575630252100840289e-02
1.575630252100840289e-02
