9.844720496894410200e-01
9.844720496894410200e-01
9.844720496894410200e-01
9.844720496894410200e-01
9.807126511932003909e-01
9.807126511932003909e-01
9.807126511932003909e-01
9.807126511932003909e-01
9.807126511932003909e-01
9.807126511932003909e-01
9.807126511932003909e-01
9.807126511932003909e-01
9.794371409891187152e-01
9.794371409891187152e-01
9.787877903397681489e-01
9.787877903397681489e-01
9.766869500036337026e-01
9.763926014949994014e-01
9.763926014949994014e-01
9.749920412709097706e-01
9.749920412709097706e-01
9.736971837052419421e-01
9.731458482482462369e-01
9.727353392170474677e-01
9.727353392170474677e-01
9.727353392170474677e-01
9.727353392170474677e-01
9.709619864234920739e-01
9.709619864234920739e-01
9.676093377675165641e-01
9.634049772913791942e-01
9.618107362815836447e-01
9.618107362815836447e-01
9.618107362815836447e-01
9.617091309168203095e-01
9.611679308302283342e-01
9.610296924747768754e-01
9.610296924747768754e-01
9.610296924747768754e-01
9.607233949986681010e-01
9.588410431163161274e-01
9.573671202138217540e-01
9.542914876739035934e-01
9.502991123180194455e-01
9.488329355992071168e-01
9.445941898813676740e-01
9.433201071820767059e-01
9.421165418153572002e-01
9.386364931250766874e-01
9.370742326342448303e-01
9.356354123099756004e-01
9.331596659384843173e-01
9.319216785470351150e-01
9.226046672979438812e-01
9.213950283521231688e-01
9.155678368282996749e-01
9.127113708131451286e-01
9.070617596223805590e-01
9.042221343704345271e-01
9.017289562888672894e-01
8.994200486911807513e-01
8.866605649266982025e-01
8.744536552821500219e-01
8.667132035725239048e-01
8.598718411892514180e-01
8.356574601139843406e-01
8.214265983506899849e-01
7.763811413044994225e-01
7.751477118679973577e-01
7.734916592717588912e-01
7.647692168819056890e-01
7.583726299480352262e-01
7.295157361821235087e-01
7.255755186428893833e-01
7.134667310187614575e-01
7.012485880544246930e-01
6.856996579369181166e-01
6.829661512970846005e-01
6.661950848675586290e-01
6.443354029743397771e-01
6.379527912670489576e-01
6.240632489346816802e-01
5.716446569878687045e-01
5.347771549716162642e-01
4.543116309358947724e-01
4.503983203114049760e-01
4.157535995258207495e-01
3.751840366717313913e-01
3.434417947911430624e-01
3.379945641746778251e-01
3.289232359610511081e-01
2.725301970756516257e-01
2.711094224924012197e-01
2.682787346617133695e-01
2.660540505368784170e-01
2.643359648737884648e-01
2.493033112835092990e-01
1.850017594698445678e-01
1.430728638757835791e-01
1.224146224146224066e-01
1.224146224146224066e-01
