1.000000000000000000e+00
1.000000000000000000e+00
9.960317460317460458e-01
9.960317460317460458e-01
9.951159951159951333e-01
9.832112332112332709e-01
9.832112332112332709e-01
9.832112332112332709e-01
9.825846667951931845e-01
9.825846667951931845e-01
9.797275239380501821e-01
9.797275239380501821e-01
9.797275239380501821e-01
9.797275239380501821e-01
9.797275239380501821e-01
9.797275239380501821e-01
9.797275239380501821e-01
9.797275239380501821e-01
9.787998801532635795e-01
9.775243699491820148e-01
9.775243699491820148e-01
9.753413984452191654e-01
9.742591473629680365e-01
9.724668919992840443e-01
9.694566879176514940e-01
9.690001895288222755e-01
9.674058017737202642e-01
9.639645062271614551e-01
9.632614498850073925e-01
9.576504353313726181e-01
9.576504353313726181e-01
9.570560512362711325e-01
9.538066990609440632e-01
9.522182827955614215e-01
9.509407368934796878e-01
9.509407368934796878e-01
9.509407368934796878e-01
9.509407368934796878e-01
9.509407368934796878e-01
9.509407368934796878e-01
9.481344760492210755e-01
9.481344760492210755e-01
9.478146759980531355e-01
9.448695337086484569e-01
9.417373631935869183e-01
9.390264473643511467e-01
9.386925693146539462e-01
9.363821804270874294e-01
9.316742948505375432e-01
9.304844491656005800e-01
9.286629143821044652e-01
9.266735389730209604e-01
9.224231193861879285e-01
9.157141485265004599e-01
9.086339721387648449e-01
9.045082216606178394e-01
8.696963828630058790e-01
8.656105757981737980e-01
8.536584137355652802e-01
8.513374380066068836e-01
8.466663692722874446e-01
8.443325068966837099e-01
8.416786885418963138e-01
8.400240221424007947e-01
8.368478025122290109e-01
8.360818296666369109e-01
8.330196002889643792e-01
7.839887290020968180e-01
7.804906932214522586e-01
7.765353014742789606e-01
7.717037497692356141e-01
7.658396649715591975e-01
7.360425321890305961e-01
7.197511906203871712e-01
7.167402036513890184e-01
7.062204378385910086e-01
6.990439977534474991e-01
6.823233668786995443e-01
6.735741996765148842e-01
6.473149239301717595e-01
6.255503565879585448e-01
6.082563286419991888e-01
5.342978253948399425e-01
4.568261047754607063e-01
4.151118168660700158e-01
4.146726217869513009e-01
4.082027243865077870e-01
4.053405912673647138e-01
3.994708765031004249e-01
3.908650361833143072e-01
3.384808468842082085e-01
3.201488387562817506e-01
3.189313940245471213e-01
3.168815239252109062e-01
2.722885693944807062e-01
2.701960276711107278e-01
2.120754563081284350e-01
1.839013719966100802e-01
1.202329416615130903e-01
5.623759920634920084e-02
5.623759920634920084e-02
