1.000000000000000000e+00
1.000000000000000000e+00
1.000000000000000000e+00
1.000000000000000000e+00
9.992559523809524391e-01
9.849702380952380931e-01
9.849702380952380931e-01
9.849702380952380931e-01
9.813072344322344431e-01
9.788441802450423834e-01
9.788441802450423834e-01
9.788441802450423834e-01
9.757500009680242226e-01
9.746638777888777527e-01
9.746638777888777527e-01
9.746638777888777527e-01
9.746638777888777527e-01
9.746638777888777527e-01
9.710924492174493050e-01
9.710924492174493050e-01
9.710924492174493050e-01
9.710924492174493050e-01
9.693196188731904028e-01
9.686655110762254495e-01
9.673709634064112661e-01
9.650668159409734326e-01
9.642565431879948079e-01
9.623578090107797189e-01
9.623578090107797189e-01
9.619329631535713521e-01
9.602117253157033128e-01
9.602117253157033128e-01
9.597493762334226020e-01
9.587468435191971450e-01
9.587468435191971450e-01
9.575637232139725397e-01
9.531187026687796271e-01
9.517716685280204203e-01
9.512744357365987558e-01
9.510728435434810946e-01
9.490887165593541175e-01
9.490887165593541175e-01
9.430805596834508364e-01
9.358994466109245014e-01
9.354994842544404055e-01
9.352169804789226548e-01
9.350469419265804438e-01
9.348575703731555331e-01
9.310752405047199032e-01
9.292417659785170425e-01
9.271342109568515566e-01
9.254684924684014602e-01
9.222678984263614765e-01
9.208649972353386559e-01
9.203078105659725505e-01
9.169003969024519529e-01
9.108594632608906227e-01
9.063729350991077682e-01
9.020380350709996664e-01
8.992501637968804973e-01
8.977419356395202055e-01
8.930222872107239640e-01
8.737249333375178839e-01
8.703831327967596065e-01
8.628669195669699254e-01
8.335060696202774011e-01
8.283537215266412179e-01
8.000619012117231588e-01
7.812305425424834748e-01
7.759569320031054485e-01
7.438387072504435427e-01
7.397925867643261322e-01
7.254302097815734651e-01
7.160777507103565087e-01
6.831333830709415134e-01
6.754583515924416082e-01
6.626362564570869029e-01
6.352417587164670421e-01
6.274101487989408588e-01
6.154839786598532703e-01
5.927546437553115055e-01
5.564781683582612493e-01
5.312776749792822439e-01
5.160399205988525084e-01
4.886986478853068694e-01
4.723789308561102684e-01
4.468977949936276395e-01
4.437254462646617048e-01
4.034960405761172098e-01
3.811752140376044595e-01
3.381243710376401479e-01
3.193879989239770678e-01
3.188523580264407964e-01
3.091869549466300660e-01
2.625977635456762660e-01
2.584806906840805274e-01
2.417876241405652882e-01
1.887294187455805516e-01
1.439116286052807558e-01
5.990783410138249276e-02
5.990783410138249276e-02
