9.857142857142857650e-01
9.857142857142857650e-01
9.857142857142857650e-01
9.857142857142857650e-01
9.857142857142857650e-01
9.857142857142857650e-01
9.807572111067208720e-01
9.807572111067208720e-01
9.807572111067208720e-01
9.807572111067208720e-01
9.807572111067208720e-01
9.807572111067208720e-01
9.807572111067208720e-01
9.807572111067208720e-01
9.807572111067208720e-01
9.807572111067208720e-01
9.807572111067208720e-01
9.781117084612180879e-01
9.781117084612180879e-01
9.781117084612180879e-01
9.781117084612180879e-01
9.781117084612180879e-01
9.781117084612180879e-01
9.781117084612180879e-01
9.744659221121948489e-01
9.744659221121948489e-01
9.730297921046362486e-01
9.730297921046362486e-01
9.730297921046362486e-01
9.716735063748190848e-01
9.716735063748190848e-01
9.691866052372077878e-01
9.686682982429971611e-01
9.669584251045525436e-01
9.649325994180125710e-01
9.649325994180125710e-01
9.638259067409418179e-01
9.638259067409418179e-01
9.625423744601049325e-01
9.599624993689366281e-01
9.595492435599972669e-01
9.580122184935604412e-01
9.580122184935604412e-01
9.520598375411796210e-01
9.499823873870665292e-01
9.481588230716955223e-01
9.473390079661661023e-01
9.424964649972373820e-01
9.424230543380096581e-01
9.424230543380096581e-01
9.415687687846293619e-01
9.409429350830275096e-01
9.407145092001513165e-01
9.267915128043408002e-01
9.124628137860903987e-01
9.094290066839701980e-01
9.042982479145079688e-01
9.023754025447487948e-01
9.009135510242636258e-01
8.997425511987415803e-01
8.904116388591462039e-01
8.584606295998860048e-01
8.516681148208992136e-01
8.456432076313821211e-01
8.406698814418630539e-01
8.370308081531324662e-01
8.362590379551430031e-01
7.997329801286211515e-01
7.972699098314875998e-01
7.929369638751290195e-01
7.837339314470741503e-01
7.802787288741063199e-01
7.443607455782658144e-01
7.344083573211513949e-01
7.156815299787123719e-01
7.104378446423066373e-01
7.025292528161167782e-01
6.792663535305258904e-01
6.662946009071838427e-01
6.366147253146962059e-01
6.333875189265457673e-01
5.917278846368596579e-01
5.859853416085468725e-01
4.968113702879371485e-01
4.555135206389734348e-01
4.529759180231693327e-01
4.497050587001593103e-01
4.376387101423070969e-01
3.963388525555670561e-01
3.278130190928217336e-01
3.273741768892736159e-01
2.762966091799853863e-01
2.744982060494768894e-01
2.720702976084580782e-01
2.698614501262284748e-01
2.583784373267976608e-01
2.129713242229045178e-01
1.710236602477981649e-01
1.279785775247261614e-01
9.821428571428571230e-02
9.821428571428571230e-02
