1.000000000000000000e+00
1.000000000000000000e+00
9.963369963369963500e-01
9.963369963369963500e-01
9.963369963369963500e-01
9.935358758888170883e-01
9.935358758888170883e-01
9.935358758888170883e-01
9.935358758888170883e-01
9.880413703943116133e-01
9.880413703943116133e-01
9.880413703943116133e-01
9.880413703943116133e-01
9.880413703943116133e-01
9.880413703943116133e-01
9.880413703943116133e-01
9.880413703943116133e-01
9.860005540677809766e-01
9.853482383469721606e-01
9.853482383469721606e-01
9.853482383469721606e-01
9.853482383469721606e-01
9.836060780682264193e-01
9.824156018777502331e-01
9.818285696099121607e-01
9.807869029432454422e-01
9.800009371484768028e-01
9.795012753810576900e-01
9.795012753810576900e-01
9.785100221167414292e-01
9.776906660342274957e-01
9.754252195179099472e-01
9.748147189074093388e-01
9.743612041681802838e-01
9.697591610963094411e-01
9.685477993586320000e-01
9.680260869142556235e-01
9.662903444795788443e-01
9.662903444795788443e-01
9.650431789466991095e-01
9.638011727102421267e-01
9.618269211792244144e-01
9.616741609600923946e-01
9.608728789088102351e-01
9.585028885236812624e-01
9.559620652838161092e-01
9.534433944463299726e-01
9.490171144012917726e-01
9.488738729521075665e-01
9.478860843940614123e-01
9.458133689828890356e-01
9.455567374924351842e-01
9.441565110255866200e-01
9.322147367180390054e-01
9.302464311449112344e-01
9.224599562586820456e-01
9.164657914493317126e-01
9.132863871564821379e-01
9.121920498062670024e-01
9.106158628761892304e-01
9.071672511409528683e-01
9.054455878567113647e-01
8.925852154559699159e-01
8.495393789660339312e-01
8.470777495610810615e-01
8.438420493203373507e-01
8.403600668745158098e-01
8.192902313494495603e-01
8.149636526584737029e-01
8.045760832821757802e-01
7.974917173991494801e-01
7.933201182099755000e-01
7.605563241184034595e-01
7.502439318209236374e-01
7.069654685928286053e-01
7.033693940925277444e-01
6.938165639347451119e-01
6.692985197365555194e-01
6.564734715342318561e-01
6.225028550188040910e-01
6.039530302013383922e-01
5.634885829836718818e-01
5.347813450362453036e-01
5.148430432616920571e-01
4.651839890399065425e-01
4.519672899650384879e-01
4.223147902256655373e-01
4.002291467759535593e-01
3.744613363710667109e-01
3.306685483198856801e-01
3.296107952367623439e-01
3.238888326560628861e-01
3.227086570472173510e-01
3.194766990929491235e-01
2.597912828310250388e-01
2.402712194637660337e-01
2.007796351114323474e-01
1.883696660482374885e-01
1.394489491549446847e-01
6.973253275109170257e-02
6.973253275109170257e-02
