9.857142857142857650e-01
9.857142857142857650e-01
9.857142857142857650e-01
9.833850931677018403e-01
9.833850931677018403e-01
9.782830523513753596e-01
9.782830523513753596e-01
9.782830523513753596e-01
9.782830523513753596e-01
9.782830523513753596e-01
9.782830523513753596e-01
9.782830523513753596e-01
9.782830523513753596e-01
9.782830523513753596e-01
9.782830523513753596e-01
9.782830523513753596e-01
9.782830523513753596e-01
9.782830523513753596e-01
9.782830523513753596e-01
9.782830523513753596e-01
9.782830523513753596e-01
9.761822120152409132e-01
9.761822120152409132e-01
9.761822120152409132e-01
9.761822120152409132e-01
9.750661405866695164e-01
9.731356386561677008e-01
9.707206637989477249e-01
9.697627208131410770e-01
9.697627208131410770e-01
9.694108559292564653e-01
9.654795920265277775e-01
9.637655581449303677e-01
9.597471582247532051e-01
9.586544697359888900e-01
9.544033085260646976e-01
9.544033085260646976e-01
9.544033085260646976e-01
9.544033085260646976e-01
9.544033085260646976e-01
9.490605506302228767e-01
9.456742083122807729e-01
9.451384940265664669e-01
9.422292197098921518e-01
9.417735016632234890e-01
9.386969648205704120e-01
9.330853642946680404e-01
9.311967207165580129e-01
9.306713426727917238e-01
9.305520760613784637e-01
9.305520760613784637e-01
9.272318317332807203e-01
9.258258865800997883e-01
9.208110957746810099e-01
9.160881247513740222e-01
9.126930631968208640e-01
9.058160055865586147e-01
9.015279309231444271e-01
8.997497924039347117e-01
8.949569664613896691e-01
8.900982173648225304e-01
8.813322627376304341e-01
8.622814214043088565e-01
8.480715396937456019e-01
8.286660035166555360e-01
8.250557367231646788e-01
8.230046285926740923e-01
7.962037893129870758e-01
7.931551831744723113e-01
7.871494981577802363e-01
7.834213164722427791e-01
7.781107712581619706e-01
7.540595063915472851e-01
7.469688179820707097e-01
7.267547088996665350e-01
7.188896367384037811e-01
7.143364048442654157e-01
6.892616056258801249e-01
6.841412825068921011e-01
6.599073244789324111e-01
6.538731686058998349e-01
6.294643899394636311e-01
6.040316741276184898e-01
5.501160708678091149e-01
5.150640209927785929e-01
5.007894801285367459e-01
4.715737781969570053e-01
4.367919174503896995e-01
4.173264229697802308e-01
3.800722045904971202e-01
3.780737969807905219e-01
2.755574718746605645e-01
2.639295648979163578e-01
2.425599815843718365e-01
2.405425376484489897e-01
2.397570122546626437e-01
2.368439671708436889e-01
1.878942219163095562e-01
1.358865226798334769e-01
6.781193490054249207e-02
6.781193490054249207e-02
