9.857142857142857650e-01
9.857142857142857650e-01
9.836391663949248798e-01
9.836391663949248798e-01
9.836391663949248798e-01
9.836391663949248798e-01
9.836391663949248798e-01
9.836391663949248798e-01
9.836391663949248798e-01
9.836391663949248798e-01
9.836391663949248798e-01
9.836391663949248798e-01
9.803924131481717152e-01
9.786502528694259739e-01
9.786502528694259739e-01
9.786502528694259739e-01
9.786502528694259739e-01
9.772178099735685519e-01
9.762912644919878868e-01
9.762912644919878868e-01
9.762912644919878868e-01
9.744115652438675168e-01
9.744115652438675168e-01
9.744115652438675168e-01
9.731471729197737064e-01
9.727674093638658537e-01
9.727674093638658537e-01
9.669123348871548895e-01
9.644237189811928346e-01
9.631241738219985526e-01
9.600554272887169560e-01
9.574174402757298363e-01
9.557651679812558809e-01
9.548477813409613768e-01
9.541422939379974322e-01
9.539941908270527238e-01
9.536340467694296441e-01
9.522116596327568905e-01
9.515340763464779084e-01
9.504412750536553878e-01
9.488107978217568128e-01
9.457254809573563126e-01
9.446769535072752078e-01
9.431992243097996331e-01
9.423781212206766567e-01
9.381212211701969172e-01
9.373871983991796109e-01
9.358311454874789215e-01
9.300440546713184542e-01
9.252774991646178782e-01
9.241990482327935297e-01
9.207136659658645694e-01
9.189156907783809780e-01
9.146547290206160641e-01
9.102170896295312952e-01
9.096780364322217816e-01
9.068419089960840784e-01
9.046807099783897854e-01
9.001533194729017806e-01
8.780509599635711870e-01
8.704516456923480083e-01
8.340988116237504357e-01
8.155155603439471212e-01
8.124826242892705386e-01
8.097565691951159605e-01
8.087897965029453573e-01
8.047614595297344353e-01
7.998074659068137304e-01
7.958852674312414388e-01
7.834259453116655392e-01
7.619863970279298071e-01
7.504664715079085724e-01
7.020891639289912334e-01
6.985282598329117798e-01
6.745982974588192738e-01
6.645533680573307844e-01
6.507488557629360626e-01
6.247000015187021971e-01
6.137287954303168869e-01
5.728161380292001725e-01
5.548824995794292558e-01
5.120337903834816240e-01
4.954034211787811115e-01
4.937660992892572431e-01
4.837365373048764239e-01
4.626935355977433439e-01
3.950537330623752896e-01
3.947068626663338131e-01
3.617623614343464244e-01
3.395198048815147862e-01
3.379446586940075270e-01
2.700169995299618320e-01
2.678013654798035992e-01
2.378474888441745871e-01
1.874294258015188341e-01
1.864998964012482552e-01
1.859376932591218223e-01
1.801017882817208537e-01
1.766945089566457072e-01
1.150097465886939646e-01
1.150097465886939646e-01
