9.962406015037593709e-01
9.962406015037593709e-01
9.962406015037593709e-01
9.962406015037593709e-01
9.962406015037593709e-01
9.781000119345985011e-01
9.781000119345985011e-01
9.781000119345985011e-01
9.742956291828471782e-01
9.700439285025750369e-01
9.700439285025750369e-01
9.667472252058717519e-01
9.642173615857826396e-01
9.564178302900108175e-01
9.552736655302853652e-01
9.540774932814815035e-01
9.538948115131219430e-01
9.525810759875638078e-01
9.452068712449380739e-01
9.452068712449380739e-01
9.421846097087446248e-01
9.421846097087446248e-01
9.354290400711600117e-01
9.333154577734692481e-01
9.333154577734692481e-01
9.328098966005674564e-01
9.313215790264138816e-01
9.303452251345882829e-01
9.303452251345882829e-01
9.186720150156950648e-01
9.185818624498143237e-01
9.171060447540726468e-01
9.170278525576538442e-01
9.170278525576538442e-01
9.085382740505798527e-01
9.031163508299979714e-01
9.012197639054670972e-01
9.007033097415966250e-01
8.980705258588127515e-01
8.946838263514235168e-01
8.904339842032670260e-01
8.898595772252859692e-01
8.898595772252859692e-01
8.877325725581011184e-01
8.866043244831016690e-01
8.853773157946038808e-01
8.839408115711847591e-01
8.829803351749196949e-01
8.753861827492909198e-01
8.750856417755380479e-01
8.707716254979077641e-01
8.694661189917759492e-01
8.560490878234807699e-01
8.224532844928875708e-01
8.216886610699234428e-01
8.208159789837098375e-01
8.174862304133727609e-01
8.121514665060295401e-01
8.112881407723805394e-01
8.103985835996802001e-01
8.092163315502123311e-01
8.058307031052860392e-01
8.031195315870222062e-01
8.002054909865577992e-01
7.959725010730399619e-01
7.938421352289906086e-01
7.842905093834027230e-01
7.762850498009391531e-01
7.738840774983108961e-01
7.681367984015460282e-01
7.616460764339718637e-01
7.591093277826651553e-01
7.271952051220679225e-01
7.125184512108344581e-01
6.986261369214734618e-01
6.868796732981377051e-01
6.783226470755223669e-01
6.667232958326195780e-01
6.615498600186378031e-01
6.354450792668800974e-01
6.255645074475715273e-01
5.905751340596638865e-01
5.430355315111207171e-01
5.020400896251103751e-01
4.594053967306807040e-01
4.476192136120900611e-01
4.172842735437305994e-01
4.141295925310363168e-01
3.984645379715055502e-01
3.929370681329291126e-01
3.850582283678082307e-01
2.910769663261148499e-01
2.709294259252453263e-01
2.688514959365496115e-01
2.579188785790791916e-01
2.451019490041256021e-01
2.275813449738631200e-01
1.287878787878788123e-01
8.402647970040554026e-02
6.868131868131868711e-02
6.868131868131868711e-02
