1.000000000000000000e+00
1.000000000000000000e+00
9.975369458128078293e-01
9.975369458128078293e-01
9.975369458128078293e-01
9.975369458128078293e-01
9.975369458128078293e-01
9.975369458128078293e-01
9.975369458128078293e-01
9.858131073412490508e-01
9.851196260652435033e-01
9.851196260652435033e-01
9.851196260652435033e-01
9.851196260652435033e-01
9.850520813168477385e-01
9.819464912547358759e-01
9.819464912547358759e-01
9.819464912547358759e-01
9.764519857602304009e-01
9.760446952602812587e-01
9.760446952602812587e-01
9.760446952602812587e-01
9.760446952602812587e-01
9.760446952602812587e-01
9.737440345249298579e-01
9.737440345249298579e-01
9.732472710144677297e-01
9.691615891226633694e-01
9.674160228609680612e-01
9.618689749061043459e-01
9.615123140231276455e-01
9.609937654822159336e-01
9.593613664344033953e-01
9.590776382460078908e-01
9.579583627846272043e-01
9.579583627846272043e-01
9.574366503402510498e-01
9.556090864181838729e-01
9.551707539135387837e-01
9.535792639318441122e-01
9.531179935590693431e-01
9.518375808299955887e-01
9.518375808299955887e-01
9.507661522585669767e-01
9.422496511459268476e-01
9.420910971582939775e-01
9.420910971582939775e-01
9.406609366625049429e-01
9.372936965804685716e-01
9.333298429713720035e-01
9.328066193278475859e-01
9.306682681722772132e-01
9.290846933128403817e-01
9.212178841055223000e-01
9.132346897441815381e-01
9.084692996971570622e-01
9.045425850342242446e-01
9.037456251546116537e-01
8.984710025211628537e-01
8.792399599371121255e-01
8.529848775369158753e-01
8.484655002566687809e-01
8.411143780617719168e-01
8.405050558702277241e-01
8.396345495649387702e-01
8.369565911474996511e-01
8.334974157347484480e-01
7.840765349120867311e-01
7.837961158887772894e-01
7.808009512533869989e-01
7.265369621875360506e-01
7.200361695193379097e-01
6.986985990820294701e-01
6.830369766001752607e-01
6.761249810587238729e-01
6.675450980227864983e-01
6.609178879236983217e-01
6.486618895327342926e-01
6.334829958054341015e-01
6.153727797541133082e-01
5.733571193489229723e-01
5.473758144113952673e-01
5.148894749731738330e-01
5.139697649421830494e-01
4.430132172146267200e-01
4.293480479244574100e-01
3.998098319334090767e-01
3.982812804786498018e-01
3.944457840212043931e-01
3.708245083239750106e-01
3.251790977460488063e-01
2.721230705813629247e-01
2.708992760303791103e-01
2.586122129688631643e-01
2.546074559511130597e-01
2.495302097168710931e-01
1.880597303371823459e-01
1.300401978973407535e-01
6.864564007421150582e-02
6.302521008403361158e-02
6.302521008403361158e-02
