1.000000000000000000e+00
1.000000000000000000e+00
9.974259974259974681e-01
9.974259974259974681e-01
9.974259974259974681e-01
9.902831402831403507e-01
9.902831402831403507e-01
9.902831402831403507e-01
9.902831402831403507e-01
9.724259974259974459e-01
9.724259974259974459e-01
9.724259974259974459e-01
9.694498069498070913e-01
9.694498069498070913e-01
9.694498069498070913e-01
9.677709302709303074e-01
9.675378300378300045e-01
9.675378300378300045e-01
9.675378300378300045e-01
9.675378300378300045e-01
9.669797943235443061e-01
9.669797943235443061e-01
9.643123582221134749e-01
9.643123582221134749e-01
9.634158418286707937e-01
9.616432577950574379e-01
9.610596910350199806e-01
9.607544407297696765e-01
9.607544407297696765e-01
9.587148136901425532e-01
9.587148136901425532e-01
9.534816927737919112e-01
9.498822437446393652e-01
9.495446651041605790e-01
9.473180601764752407e-01
9.462978738907853460e-01
9.459102585006654573e-01
9.459102585006654573e-01
9.447145515527459736e-01
9.430412915899032411e-01
9.425165637924483031e-01
9.399592318178230377e-01
9.396360256122638921e-01
9.334561807944190548e-01
9.325881493508479947e-01
9.322236169413734563e-01
9.292699667279498144e-01
9.291153594304853991e-01
9.254728895228129248e-01
9.243509575218020746e-01
9.227718781731041320e-01
9.216227256960459746e-01
9.206099487904120249e-01
9.142780708014780489e-01
9.108590805856801031e-01
9.097691871808946118e-01
9.080665603053297286e-01
9.062568114717713952e-01
8.903940865848337660e-01
8.814322440548900683e-01
8.729319022081151180e-01
8.496231623731044236e-01
8.451681836763624833e-01
8.412426866847371176e-01
8.366353155990285950e-01
8.322997050002304276e-01
8.237189907985938975e-01
8.195028311467692506e-01
8.175187428828076808e-01
8.085387332420264084e-01
7.939977256088536217e-01
7.929328090010981933e-01
7.483826860955495874e-01
7.429302169577447490e-01
7.372372169100456230e-01
7.321958122098765065e-01
7.293532697943463372e-01
7.074250884257915484e-01
6.985417138484465438e-01
6.477211141743790535e-01
6.376326881432446969e-01
6.136647467019901159e-01
5.899859655916450674e-01
5.668898980090600892e-01
4.385005980286399985e-01
4.170956290652293452e-01
4.019075415832175646e-01
3.949954884592900561e-01
3.736116493160721030e-01
3.700411079997093511e-01
3.573567410033575698e-01
2.756279434850863463e-01
2.746345348088138905e-01
2.706066658093722599e-01
2.659454267385668036e-01
2.642176318158082071e-01
2.144453544447288418e-01
1.332364161635616051e-01
1.303214329530118787e-01
6.868131868131868711e-02
6.868131868131868711e-02
