9.897959183673469274e-01
9.897959183673469274e-01
9.897959183673469274e-01
9.897959183673469274e-01
9.897959183673469274e-01
9.897959183673469274e-01
9.897959183673469274e-01
9.891283616250239330e-01
9.891283616250239330e-01
9.874672320569175543e-01
9.874672320569175543e-01
9.874672320569175543e-01
9.874672320569175543e-01
9.852806431356347927e-01
9.840491160420387073e-01
9.840491160420387073e-01
9.840491160420387073e-01
9.840491160420387073e-01
9.840491160420387073e-01
9.814980956338753559e-01
9.786969751856960942e-01
9.752978442723339025e-01
9.742678397940534030e-01
9.724975195970089192e-01
9.717312616012734328e-01
9.711456584300069972e-01
9.711456584300069972e-01
9.662137560916069789e-01
9.662137560916069789e-01
9.659790375068364465e-01
9.659790375068364465e-01
9.659790375068364465e-01
9.617623508321664350e-01
9.606882369760978424e-01
9.601381007212337337e-01
9.600062880894210116e-01
9.564969849526910872e-01
9.556393520195863855e-01
9.541542191475922419e-01
9.489603167691226249e-01
9.477515068604062121e-01
9.475463430449905244e-01
9.467614136886325360e-01
9.467614136886325360e-01
9.453132650630646783e-01
9.444895517393515627e-01
9.397836691296574951e-01
9.366989849489817388e-01
9.347032306129982038e-01
9.342955737537286254e-01
9.327601533283828017e-01
9.308222109916847176e-01
9.306096259576711605e-01
9.260888819536867711e-01
9.239384656909240823e-01
9.207788780758331404e-01
9.177770923847479168e-01
9.166038373656540950e-01
9.144218853165417826e-01
9.045136049312169080e-01
8.887528511513274054e-01
8.792532904058953935e-01
8.494880118254580781e-01
8.461635396401572251e-01
8.436550520515363472e-01
8.419880187662817095e-01
8.385069565673620717e-01
8.331237010640056839e-01
8.311130524637928563e-01
8.280615617986283317e-01
8.189350378521884632e-01
8.114987431295694886e-01
7.885720367536350750e-01
7.824185365150029270e-01
7.775056022421141799e-01
7.720643122341768194e-01
7.655105648055335887e-01
7.211586382159255182e-01
7.133016656373651898e-01
6.959190876302444595e-01
6.897350568547183647e-01
6.456284138623844537e-01
6.283151357036593776e-01
5.664023144407387411e-01
5.495470720765166517e-01
5.299378098474868404e-01
4.858391613023611555e-01
4.717188510002374713e-01
4.171806493892016854e-01
3.952070692560432086e-01
3.444365520004921133e-01
3.082778052672422997e-01
3.081427202758014183e-01
3.029297220507866650e-01
2.653504206397515608e-01
2.621842633654762333e-01
2.586030641686382081e-01
2.185602771916788922e-01
1.823956375799264951e-01
7.627459585984931734e-02
7.627459585984931734e-02
