1.000000000000000000e+00
1.000000000000000000e+00
1.000000000000000000e+00
1.000000000000000000e+00
9.988290398126463687e-01
9.988290398126463687e-01
9.988290398126463687e-01
9.968449128285193916e-01
9.968449128285193916e-01
9.879163413999478838e-01
9.852708387544453217e-01
9.850571635407699977e-01
9.850571635407699977e-01
9.821799256891077246e-01
9.821799256891077246e-01
9.810976746068565957e-01
9.810976746068565957e-01
9.810976746068565957e-01
9.810976746068565957e-01
9.802265944674838360e-01
9.792061863042185177e-01
9.792061863042185177e-01
9.792061863042185177e-01
9.792061863042185177e-01
9.792061863042185177e-01
9.792061863042185177e-01
9.775226846207167863e-01
9.775226846207167863e-01
9.775226846207167863e-01
9.748318917043599097e-01
9.748318917043599097e-01
9.692021048245730297e-01
9.683881040105722926e-01
9.676322461118571638e-01
9.665693209417891563e-01
9.665693209417891563e-01
9.651325424037011658e-01
9.651325424037011658e-01
9.640588406251121567e-01
9.573173502666276757e-01
9.571416774397004668e-01
9.558453049601353113e-01
9.558453049601353113e-01
9.435900906531814458e-01
9.428879114764260327e-01
9.428470718129448036e-01
9.425591426878064949e-01
9.397947938851708427e-01
9.351356420888591314e-01
9.341658085552790869e-01
9.323302197665386259e-01
9.318959569786013919e-01
9.314546845792307517e-01
9.295727073831893117e-01
9.293303027290198415e-01
9.275148789720086828e-01
9.164675202560393918e-01
9.075921201555080531e-01
8.947227580122653068e-01
8.767168492765499144e-01
8.748840720857243847e-01
8.508222566446752566e-01
8.438345138008512825e-01
8.431441881424506235e-01
8.404776576477038796e-01
8.337743828586915429e-01
8.332292732023676152e-01
8.303612057289063708e-01
8.298178181894803052e-01
8.294327588543393137e-01
8.272074829386956152e-01
8.248606630946417884e-01
7.927892700815170057e-01
7.911560930968424277e-01
7.842013839601934544e-01
7.757348274980936376e-01
7.684285573593042651e-01
7.247040064255158009e-01
7.179718149113112347e-01
7.095316552360166895e-01
6.927946846406104475e-01
6.614043004118403957e-01
6.406713512842042713e-01
5.812843029257831473e-01
5.057215871913001148e-01
4.852425645370970209e-01
4.503792957081601545e-01
4.452434793257243340e-01
4.018307684620813225e-01
3.690001118183285356e-01
3.323011856828773647e-01
3.315776348485579561e-01
2.774109235400759599e-01
2.718328397676224029e-01
2.673323987520612732e-01
2.609417172739541546e-01
2.257573711418698337e-01
1.780201646538280280e-01
1.337086815380228444e-01
7.523041474654378058e-02
7.523041474654378058e-02
