1.000000000000000000e+00
1.000000000000000000e+00
1.000000000000000000e+00
1.000000000000000000e+00
9.984802431610942941e-01
9.984802431610942941e-01
9.984802431610942941e-01
9.984802431610942941e-01
9.984802431610942941e-01
9.984802431610942941e-01
9.958347405155915100e-01
9.958347405155915100e-01
9.958347405155915100e-01
9.958347405155915100e-01
9.770798493350711933e-01
9.726155636207854949e-01
9.726155636207854949e-01
9.726155636207854949e-01
9.726155636207854949e-01
9.710939249948832286e-01
9.710939249948832286e-01
9.710939249948832286e-01
9.710939249948832286e-01
9.710939249948832286e-01
9.705791244800828776e-01
9.705791244800828776e-01
9.688956227965811463e-01
9.688956227965811463e-01
9.684976283306857558e-01
9.633955875143593861e-01
9.627199118386836618e-01
9.566432724287109446e-01
9.559630003198673620e-01
9.552313122958204783e-01
9.536235460281748955e-01
9.528118577164865766e-01
9.507192348385931080e-01
9.507192348385931080e-01
9.506523666758627256e-01
9.495516655751616852e-01
9.495516655751616852e-01
9.495516655751616852e-01
9.484962137605963406e-01
9.484236764038577183e-01
9.480093288466528989e-01
9.460049667491231551e-01
9.429298445693967690e-01
9.375283072498958870e-01
9.334013439774190291e-01
9.322976831728514435e-01
9.292874379572102495e-01
9.249221419252474652e-01
9.171245000103906975e-01
9.125858973531817409e-01
9.095934688908234866e-01
9.054444565517870691e-01
9.025493319909763112e-01
8.982718543598043892e-01
8.829426964407326439e-01
8.781219274189178137e-01
8.411247241581563117e-01
8.397111716279634930e-01
8.302985722320227469e-01
8.291248278392203686e-01
8.270000466051345978e-01
8.238709180336928339e-01
8.145572151935623895e-01
7.930731467508645993e-01
7.900773430147218779e-01
7.862291742410645323e-01
7.834021448154437905e-01
7.804790351471009302e-01
7.664270687122848313e-01
7.619411037457075597e-01
7.558030210045385555e-01
7.487737661112171539e-01
7.331928162625184209e-01
6.937315113806856726e-01
6.406339342765354772e-01
6.074727068592185031e-01
5.682773906610627535e-01
5.505205578111280751e-01
5.301781917295442792e-01
5.119794795023910883e-01
5.011916019093225483e-01
4.880683719280374255e-01
4.608473494799764092e-01
4.143718687200938500e-01
3.821073490809898665e-01
3.763308743132078860e-01
3.381679395081923500e-01
3.204942061456286240e-01
3.200043620306785574e-01
3.072880958174461496e-01
2.575953732552125341e-01
2.573223543486532483e-01
2.176039710651885561e-01
1.349328233279757094e-01
1.294182008467722744e-01
6.454388984509466798e-02
6.454388984509466798e-02
