1.000000000000000000e+00
1.000000000000000000e+00
9.979591836734693633e-01
9.979591836734693633e-01
9.968602825745682683e-01
9.866562009419153068e-01
9.866562009419153068e-01
9.846720739577882187e-01
9.846720739577882187e-01
9.846720739577882187e-01
9.802786499215070393e-01
9.800130581204822278e-01
9.800130581204822278e-01
9.800130581204822278e-01
9.800130581204822278e-01
9.788024043674555807e-01
9.788024043674555807e-01
9.769962896900538096e-01
9.769962896900538096e-01
9.769962896900538096e-01
9.752956094179449087e-01
9.752956094179449087e-01
9.752956094179449087e-01
9.752956094179449087e-01
9.745757612404696291e-01
9.745757612404696291e-01
9.719557943347885143e-01
9.691474758263286526e-01
9.691474758263286526e-01
9.691474758263286526e-01
9.684962221630266654e-01
9.684962221630266654e-01
9.684962221630266654e-01
9.684962221630266654e-01
9.639879206667734124e-01
9.624848083521816422e-01
9.622613146994013489e-01
9.617637807373004000e-01
9.583242541495567979e-01
9.579512077347291932e-01
9.564363518315753820e-01
9.533195812669796876e-01
9.530116079438413212e-01
9.516385494190672256e-01
9.492332401743489578e-01
9.478284481427843300e-01
9.474891600221999610e-01
9.470639899541727358e-01
9.411116090017918046e-01
9.411116090017918046e-01
9.403917241833628093e-01
9.399415959276405941e-01
9.392596885493045278e-01
9.345471225527566261e-01
9.334080177551152824e-01
9.312347631262617442e-01
9.237361799577541444e-01
9.103186117416084411e-01
8.870087515269978740e-01
8.587820873923994736e-01
8.536139153919034550e-01
8.530211237242728561e-01
8.506297618642716385e-01
8.478046971203853088e-01
8.466148737302844340e-01
8.438554171571633900e-01
8.427629727292453854e-01
8.351956404468872108e-01
8.338124993681034214e-01
8.329334972190105546e-01
8.295071377123385270e-01
8.260021967943400600e-01
8.224910029620298157e-01
8.189619866824401351e-01
8.143049098128992691e-01
8.046815565769954715e-01
7.964010221937215528e-01
7.489879728316447549e-01
7.430993655163791178e-01
7.316750079958854736e-01
7.145590815824747200e-01
6.254002877486034562e-01
5.853424144776282478e-01
5.446335826286176074e-01
4.884618669933372126e-01
4.607934736745907256e-01
4.512617909565988517e-01
4.511225417481866673e-01
4.003706620489385637e-01
3.317070675788924561e-01
3.308783432598008112e-01
3.296872394321242461e-01
2.772510503267889836e-01
2.728590866107896140e-01
2.678775008254777323e-01
2.614659787124627988e-01
2.020445540853704203e-01
1.827468448071463136e-01
1.408483708747097773e-01
1.117694048728531536e-01
1.117694048728531536e-01
