1.000000000000000000e+00
1.000000000000000000e+00
1.000000000000000000e+00
1.000000000000000000e+00
9.988095238095237027e-01
9.784013605442176686e-01
9.784013605442176686e-01
9.768140589569160870e-01
9.768140589569160870e-01
9.768140589569160870e-01
9.714160664265706346e-01
9.714160664265706346e-01
9.714160664265706346e-01
9.714160664265706346e-01
9.707712251567294226e-01
9.692514683178236057e-01
9.692514683178236057e-01
9.692514683178236057e-01
9.692514683178236057e-01
9.692514683178236057e-01
9.685390822995865179e-01
9.685390822995865179e-01
9.675186741363211995e-01
9.675186741363211995e-01
9.675186741363211995e-01
9.675186741363211995e-01
9.665525227503936057e-01
9.663084762017256635e-01
9.643243492175986864e-01
9.643243492175986864e-01
9.643243492175986864e-01
9.643243492175986864e-01
9.622835328910681607e-01
9.615730497625406548e-01
9.515616016521551979e-01
9.435703720145840467e-01
9.435703720145840467e-01
9.425136059970167235e-01
9.400011677702926338e-01
9.400011677702926338e-01
9.400011677702926338e-01
9.392277229281245088e-01
9.383671490598037845e-01
9.325153678759855458e-01
9.314492697949621203e-01
9.296346321279916891e-01
9.278186409827321457e-01
9.245809758064363892e-01
9.177667532116701166e-01
9.174961904411074176e-01
9.160227958642644941e-01
9.135163824339281868e-01
9.127332027652995672e-01
9.065549411674346247e-01
9.062087943527921130e-01
9.043229392684465351e-01
9.010445487173434076e-01
9.003907786548619452e-01
8.988673940854171596e-01
8.977463658215318887e-01
8.907564116250090702e-01
8.807462299442679887e-01
8.778838913286582946e-01
8.679871845062611113e-01
8.610593929840965055e-01
8.415397289979441586e-01
8.149412453728989147e-01
8.053096535868968786e-01
8.026917230852389507e-01
7.978618436144648829e-01
7.926858084439839525e-01
7.888621316309059051e-01
7.601039831736475794e-01
7.526355553429719958e-01
7.115496880172036409e-01
7.034371262207536057e-01
6.808028092505941098e-01
6.550671516687301965e-01
6.484129692315352411e-01
6.356740934795114262e-01
6.104158236785970360e-01
5.662071809762027064e-01
5.202500552946415224e-01
4.908672076456074840e-01
4.680082624192418161e-01
4.450618387555093092e-01
4.093082654640216589e-01
4.065779066440838863e-01
3.750075824921036416e-01
3.664132329049347159e-01
2.986115418319633674e-01
2.732101421621188631e-01
2.717077658376000904e-01
2.052603561749903327e-01
2.013696666008998604e-01
1.973313145188144990e-01
1.953978697247457375e-01
1.330458570964900000e-01
1.276998863205759671e-01
5.522827687776141886e-02
5.522827687776141886e-02
