1.000000000000000000e+00
1.000000000000000000e+00
1.000000000000000000e+00
1.000000000000000000e+00
9.999278499278499988e-01
9.999278499278499988e-01
9.999278499278499988e-01
9.999278499278499988e-01
9.999278499278499988e-01
9.992929292929293439e-01
9.992929292929293439e-01
9.992929292929293439e-01
9.992929292929293439e-01
9.992929292929293439e-01
9.992929292929293439e-01
9.991616267719208855e-01
9.987534635066148692e-01
9.987534635066148692e-01
9.987534635066148692e-01
9.984829007360520592e-01
9.984829007360520592e-01
9.984829007360520592e-01
9.984829007360520592e-01
9.982340206962312390e-01
9.982340206962312390e-01
9.982340206962312390e-01
9.982340206962312390e-01
9.982340206962312390e-01
9.982340206962312390e-01
9.982340206962312390e-01
9.982340206962312390e-01
9.980264881390643605e-01
9.980264881390643605e-01
9.980264881390643605e-01
9.979277563985242683e-01
9.979277563985242683e-01
9.979277563985242683e-01
9.979277563985242683e-01
9.979277563985242683e-01
9.979277563985242683e-01
9.979277563985242683e-01
9.979277563985242683e-01
9.977739322851481019e-01
9.977739322851481019e-01
9.975121402264081061e-01
9.972456558380927705e-01
9.971503064400554228e-01
9.971503064400554228e-01
9.969550183714843694e-01
9.968658096038754968e-01
9.968658096038754968e-01
9.965421311849882446e-01
9.965421311849882446e-01
9.961367554724411821e-01
9.960385880030065975e-01
9.960385880030065975e-01
9.956106777758465531e-01
9.956106777758465531e-01
9.952008046984950340e-01
9.950698830253822402e-01
9.947133021495305760e-01
9.947133021495305760e-01
9.945062549868036728e-01
9.944201804420677027e-01
9.944201804420677027e-01
9.944201804420677027e-01
9.944201804420677027e-01
9.941982368270760873e-01
9.939961864254449608e-01
9.935976525288529038e-01
9.923138717130868258e-01
9.922907131375414691e-01
9.917467300329604329e-01
9.916910815050157257e-01
9.916067330969730031e-01
9.912997093673023841e-01
9.909293419011829807e-01
9.907514318172582213e-01
9.901405186577473261e-01
9.901020002527468611e-01
9.898763518959571295e-01
9.892471818092383185e-01
9.888329523682776179e-01
9.881024273521349377e-01
9.880282130125335183e-01
9.875126562723625101e-01
9.867059008219880578e-01
9.859352121514834977e-01
9.848076025387975108e-01
9.835831829524028791e-01
9.796511265440595029e-01
9.752059595779135615e-01
9.099234755281733200e-01
9.077519092348388385e-01
9.057962776965317042e-01
9.014380761217697380e-01
8.868495691465508868e-01
7.705478198055988326e-01
7.008657898990534596e-01
4.924316323636112602e-01
2.097478991596638809e-01
