1.000000000000000000e+00
1.000000000000000000e+00
1.000000000000000000e+00
1.000000000000000000e+00
9.989495798319326658e-01
9.900210084033612690e-01
9.900210084033612690e-01
9.900210084033612690e-01
9.880905064728594533e-01
9.880905064728594533e-01
9.837254271077799928e-01
9.834914268737797727e-01
9.834914268737797727e-01
9.834914268737797727e-01
9.834914268737797727e-01
9.823576400257072461e-01
9.817365220132848735e-01
9.803888131184061994e-01
9.803888131184061994e-01
9.796850833506370870e-01
9.795820118189940695e-01
9.795820118189940695e-01
9.789727735514460738e-01
9.789727735514460738e-01
9.789727735514460738e-01
9.789727735514460738e-01
9.771870592657317944e-01
9.771870592657317944e-01
9.771870592657317944e-01
9.752390073176798735e-01
9.746141988863026295e-01
9.693902561623598535e-01
9.693902561623598535e-01
9.693902561623598535e-01
9.679591706646710758e-01
9.672624356180162808e-01
9.651649299490819844e-01
9.642710285288648153e-01
9.634244676823039422e-01
9.633268209681158378e-01
9.606004057266944729e-01
9.560072980804895648e-01
9.556040546958607385e-01
9.464675690213775194e-01
9.464675690213775194e-01
9.451651310868379730e-01
9.439907574194607021e-01
9.439907574194607021e-01
9.379194190670631093e-01
9.372195677854604501e-01
9.364345760361836302e-01
9.354548363142078937e-01
9.354548363142078937e-01
9.275734221827300896e-01
9.262316472439426907e-01
9.247454902394451892e-01
9.225211896946472478e-01
9.176795359684205566e-01
9.158709523510388806e-01
9.110964347067177505e-01
9.001095761931152683e-01
8.707705652236168437e-01
8.611412478986691932e-01
8.404463650089690763e-01
8.363094374253359220e-01
8.343004901074316804e-01
8.319402345945717814e-01
8.286154004850800892e-01
8.278492758555471287e-01
8.254144556423593793e-01
8.235825736030377708e-01
8.199299865666554998e-01
7.882740608582411435e-01
7.807161976842854623e-01
7.762378380762030572e-01
7.721933075279433512e-01
7.641502805930139308e-01
7.240192882598386337e-01
7.134835636361785971e-01
7.004697920845140979e-01
6.821797805550128269e-01
6.414107825820896114e-01
5.888240617023952073e-01
5.693273788269436197e-01
4.964943388856517537e-01
4.915516913887892358e-01
4.577523834815739323e-01
4.024564103624506672e-01
4.000424168549047144e-01
3.313788223848585512e-01
3.313788223848585512e-01
2.790340365502657072e-01
2.786754492269458150e-01
2.744657425324859013e-01
2.701767833504361005e-01
2.668529994758612744e-01
2.617511264282832428e-01
1.844683094683094715e-01
1.735554235554235269e-01
8.385924650984891149e-02
8.385924650984891149e-02
