1.000000000000000000e+00
1.000000000000000000e+00
9.989495798319326658e-01
9.989495798319326658e-01
9.989495798319326658e-01
9.887454981992797043e-01
9.887454981992797043e-01
9.868657989511594453e-01
9.868657989511594453e-01
9.837602088890475827e-01
9.813792565080952102e-01
9.813792565080952102e-01
9.813284538257135425e-01
9.802623557446902280e-01
9.802623557446902280e-01
9.802623557446902280e-01
9.802623557446902280e-01
9.802623557446902280e-01
9.802623557446902280e-01
9.802623557446902280e-01
9.802623557446902280e-01
9.802623557446902280e-01
9.791877250911482644e-01
9.791877250911482644e-01
9.782948679482911247e-01
9.782948679482911247e-01
9.782948679482911247e-01
9.722260837272855838e-01
9.695495203601680601e-01
9.695495203601680601e-01
9.688609648770921678e-01
9.688609648770921678e-01
9.688609648770921678e-01
9.681842083863820836e-01
9.667968913844472434e-01
9.641429815876801923e-01
9.600890344274208843e-01
9.593174689412883316e-01
9.569777288826178951e-01
9.560488457055829059e-01
9.556611067173701457e-01
9.553073563839170612e-01
9.537057020582473399e-01
9.511309430093304318e-01
9.509618012346949811e-01
9.497654169737945740e-01
9.483717680224170721e-01
9.472064870952313642e-01
9.315070576995232443e-01
9.302841181041578977e-01
9.300260418350297931e-01
9.293430611328675761e-01
9.290472307564160426e-01
9.247513672748340907e-01
9.227814786479189291e-01
9.215898208515992396e-01
9.194490693659410629e-01
9.177629767525932181e-01
9.111807589691715004e-01
9.087460611987113746e-01
9.039320210821267798e-01
8.917590770600460903e-01
8.437376985961572151e-01
8.418682331527068685e-01
8.380453977312678493e-01
8.350591755974854369e-01
8.337356549380813275e-01
8.294480238183463694e-01
8.279729158323793081e-01
8.248132306897162369e-01
8.223466193684302317e-01
8.197546292386117539e-01
7.832708501820738745e-01
7.818691161243130905e-01
7.783167616547987944e-01
7.690386306920453663e-01
7.604487031659857843e-01
7.226522764439730073e-01
7.177042928310737313e-01
7.009392992648934007e-01
6.727666206541279559e-01
6.253045741119060974e-01
5.652255518507426357e-01
5.486659812766476740e-01
4.928701130319982360e-01
4.633364763779232454e-01
4.560957908997412824e-01
4.046338426446356995e-01
4.031614076650456568e-01
3.899215136797062331e-01
3.321775101626182614e-01
2.779543503056555731e-01
2.777978557829638984e-01
2.728038346773988820e-01
2.699604175444511589e-01
2.625749586435070504e-01
2.119249069355310378e-01
1.330458570964900000e-01
1.110735886483394802e-01
1.728110599078341164e-02
1.728110599078341164e-02
