1.000000000000000000e+00
1.000000000000000000e+00
9.973544973544974379e-01
9.973544973544974379e-01
9.973544973544974379e-01
9.846978557504874052e-01
9.846978557504874052e-01
9.846978557504874052e-01
9.846978557504874052e-01
9.840455400296785893e-01
9.840455400296785893e-01
9.840455400296785893e-01
9.832606106733206008e-01
9.814291088418187758e-01
9.814291088418187758e-01
9.814291088418187758e-01
9.801975817482226905e-01
9.801975817482226905e-01
9.801975817482226905e-01
9.801975817482226905e-01
9.801975817482226905e-01
9.801975817482226905e-01
9.801975817482226905e-01
9.801975817482226905e-01
9.790871884671116243e-01
9.766672040799139198e-01
9.766672040799139198e-01
9.761766232321902326e-01
9.761766232321902326e-01
9.716670607865223186e-01
9.716670607865223186e-01
9.716670607865223186e-01
9.716670607865223186e-01
9.695210878935484056e-01
9.695210878935484056e-01
9.680955840049902950e-01
9.661777669178065464e-01
9.651020789106449227e-01
9.647189067738656254e-01
9.623149867973916916e-01
9.609085143274987972e-01
9.579006898458869435e-01
9.544964853547259764e-01
9.508041586587229199e-01
9.474988067609044773e-01
9.472619746275207087e-01
9.453174199446536807e-01
9.451555161493389035e-01
9.435739052441072250e-01
9.403000286392214635e-01
9.350398273847532193e-01
9.311711705201715095e-01
9.241009510246473990e-01
9.232488677359993456e-01
9.230617462062019607e-01
9.206569036229852454e-01
9.173324315692167330e-01
9.157384768569334366e-01
9.133416244226665315e-01
9.084440989195263771e-01
8.872707183402520625e-01
8.766744063622412542e-01
8.565913096128431325e-01
8.561449598912228565e-01
8.540224526189498233e-01
8.469626558112280934e-01
8.345116789812838665e-01
8.319518085785138073e-01
8.281155843926547577e-01
8.243058072862780028e-01
8.205077242078342437e-01
8.162811653503972975e-01
8.077511636063597900e-01
8.041187049324030056e-01
8.006566388762651476e-01
7.969707493424381672e-01
7.893114771558236153e-01
7.243364824434307403e-01
7.199637715516210568e-01
7.074028706435588898e-01
6.969166222497937824e-01
6.621636504970640491e-01
6.067022594800730584e-01
5.124191595962018786e-01
4.970004638049431711e-01
4.583080521187817835e-01
4.315432897582069383e-01
4.265201768579663932e-01
4.200515654895701223e-01
3.967210925185192250e-01
3.266856825764580807e-01
2.975577059926348689e-01
2.963069018857277248e-01
2.951392109748238179e-01
2.686505974057113444e-01
2.670001621191530061e-01
2.606801159039964788e-01
1.285809316469693764e-01
1.266175509967834845e-01
6.229235880398670960e-02
6.229235880398670960e-02
