9.816017316017315864e-01
9.816017316017315864e-01
9.816017316017315864e-01
9.816017316017315864e-01
9.816017316017315864e-01
9.816017316017315864e-01
9.816017316017315864e-01
9.816017316017315864e-01
9.816017316017315864e-01
9.816017316017315864e-01
9.816017316017315864e-01
9.803262213976500217e-01
9.758619356833643232e-01
9.716602550110954306e-01
9.716602550110954306e-01
9.708922058559493751e-01
9.693724490170436692e-01
9.688164573896234089e-01
9.688164573896234089e-01
9.688164573896234089e-01
9.674404613327762803e-01
9.674404613327762803e-01
9.651363138673385578e-01
9.634834951413491222e-01
9.609141582808169435e-01
9.609141582808169435e-01
9.604157211768209468e-01
9.598764943218046630e-01
9.598611432426239487e-01
9.584034172951020336e-01
9.509081820646567706e-01
9.458610508032186948e-01
9.453104516767115717e-01
9.433514948428001201e-01
9.426487819958746517e-01
9.397707076892289901e-01
9.360195082933726596e-01
9.360195082933726596e-01
9.324948376693139585e-01
9.277327401679292818e-01
9.250596689170260678e-01
9.235276389395340457e-01
9.217513390761177261e-01
9.162727103827997821e-01
9.083351388624077982e-01
9.080446770404232426e-01
9.074417825366651869e-01
9.065593668913066727e-01
8.950515142301035398e-01
8.931611781435809805e-01
8.917201407000144853e-01
8.911089520663658670e-01
8.876365552509456469e-01
8.854553645297957853e-01
8.853667894051848730e-01
8.841134795551448544e-01
8.812397059495634677e-01
8.781830127767605854e-01
8.666819158492976571e-01
8.604013306101085945e-01
8.578138562086649044e-01
8.538058345344576860e-01
8.429726020400405417e-01
8.326687678754481903e-01
8.278087295567632120e-01
7.900155945958335924e-01
7.790065563259634951e-01
7.765616968267516906e-01
7.730020408116885511e-01
7.687738589107281362e-01
7.643276406127014200e-01
7.597158825440770702e-01
7.522460256767237174e-01
7.418059786807994493e-01
6.888193603566878931e-01
6.843022268133162056e-01
6.771966030780920409e-01
6.224820906074324256e-01
6.044570656622347826e-01
5.893412310155353717e-01
5.691688091803069893e-01
5.491577736690829159e-01
4.832080038983638248e-01
4.693925175405890271e-01
4.398237922794247523e-01
4.228990202919381547e-01
4.118349942422373511e-01
4.007822631277672132e-01
3.345033396040935636e-01
2.540161531599602340e-01
2.132283157747475177e-01
2.026789409832368827e-01
2.013877599143492902e-01
1.983094769524135492e-01
1.906296354832137385e-01
1.884443681318681285e-01
1.324884792626728203e-01
1.323688626644291821e-01
8.455916799400356454e-02
6.868131868131868711e-02
6.868131868131868711e-02
