9.805194805194804575e-01
9.805194805194804575e-01
9.805194805194804575e-01
9.798122669409797814e-01
9.770650141937270439e-01
9.770650141937270439e-01
9.770650141937270439e-01
9.770650141937270439e-01
9.770650141937270439e-01
9.770650141937270439e-01
9.761126332413461171e-01
9.761126332413461171e-01
9.761126332413461171e-01
9.761126332413461171e-01
9.761126332413461171e-01
9.761126332413461171e-01
9.761126332413461171e-01
9.652495380032508621e-01
9.626521354058482638e-01
9.618103845640975091e-01
9.604973593540134802e-01
9.581964389858661502e-01
9.575841940879069591e-01
9.541654345505490298e-01
9.541654345505490298e-01
9.527263973972263100e-01
9.522586112151543158e-01
9.522586112151543158e-01
9.522031111596543917e-01
9.488900412508397553e-01
9.488900412508397553e-01
9.488900412508397553e-01
9.488900412508397553e-01
9.488900412508397553e-01
9.422133845741830216e-01
9.388936592999447273e-01
9.357711356888132048e-01
9.354156088626981447e-01
9.340798255072104705e-01
9.331542260521992205e-01
9.314832454759484071e-01
9.303076639419080029e-01
9.298344636054099999e-01
9.280682089371952159e-01
9.268168561233424141e-01
9.253474349659419618e-01
9.246636871046877149e-01
9.226707390431222455e-01
9.033299581590459315e-01
9.014294991001724489e-01
8.995244991896506059e-01
8.983036924309842908e-01
8.927382909905245967e-01
8.815507297434227452e-01
8.810442721947115974e-01
8.791218128853369729e-01
8.381305193185489832e-01
8.372737351996990540e-01
8.361221574978141557e-01
8.342794309447991719e-01
8.305868146209132163e-01
8.293511653725758048e-01
8.206315260573544546e-01
8.175033663892395941e-01
8.102970675184107963e-01
8.066091238609999214e-01
8.044656819783818635e-01
7.980201553000467740e-01
7.950607883672414777e-01
7.898227457493071091e-01
7.828526069284961197e-01
7.790312597036527231e-01
7.767365520876732266e-01
7.720052169085581673e-01
7.697603496248903721e-01
7.645706404991445826e-01
7.536029506270427447e-01
7.055476073062629805e-01
6.977622810571154632e-01
6.789352795928282891e-01
6.539550682014297900e-01
5.897338025541080109e-01
5.478657033313145686e-01
5.226117967308990808e-01
4.713927922737247145e-01
4.495111805749816836e-01
4.415968466553369387e-01
4.142970692820505119e-01
3.758200427143259525e-01
3.569345308295388541e-01
3.322877884805370274e-01
2.811858780883062514e-01
2.800588606171843797e-01
2.707431763015000770e-01
2.563851822999415608e-01
2.542702530337341282e-01
1.940751933388163153e-01
1.329491669712546120e-01
1.313173433709148019e-01
6.781193490054249207e-02
6.781193490054249207e-02
