9.857142857142857650e-01
9.857142857142857650e-01
9.857142857142857650e-01
9.857142857142857650e-01
9.857142857142857650e-01
9.857142857142857650e-01
9.857142857142857650e-01
9.857142857142857650e-01
9.857142857142857650e-01
9.857142857142857650e-01
9.813852813852814716e-01
9.813852813852814716e-01
9.806780678067806845e-01
9.806780678067806845e-01
9.806780678067806845e-01
9.794674140537541485e-01
9.788296589517131441e-01
9.788296589517131441e-01
9.788296589517131441e-01
9.769499597035927740e-01
9.769499597035927740e-01
9.753971646725370093e-01
9.753971646725370093e-01
9.753971646725370093e-01
9.699313437163020746e-01
9.672080168382620746e-01
9.663545504517074836e-01
9.635350758335089472e-01
9.635350758335089472e-01
9.627953092709577998e-01
9.575434268632652124e-01
9.562094843786926868e-01
9.559747595484165972e-01
9.559747595484165972e-01
9.508769687387642611e-01
9.501018719196528961e-01
9.482554550060769971e-01
9.478150251092509748e-01
9.473408312388305053e-01
9.471185200921496961e-01
9.460931099280839307e-01
9.445372722820210010e-01
9.444844511535694931e-01
9.439153773702101402e-01
9.426732402565120017e-01
9.426732402565120017e-01
9.415781252079087338e-01
9.411719846609230000e-01
9.268862703752087651e-01
9.257849768160797410e-01
9.255929645272933382e-01
9.218777852845267962e-01
9.191391492135174701e-01
9.146710514712762530e-01
9.135076581119917494e-01
9.125237027742324480e-01
9.031682710546216075e-01
9.011274246555148748e-01
8.408370665449879100e-01
8.380876253004402310e-01
8.329543774740960638e-01
8.297031876225167135e-01
8.233825110654758861e-01
8.206922683017037201e-01
8.187981363094278819e-01
8.160414246454719134e-01
8.141958074792040589e-01
8.005943059016057406e-01
8.003291008096679038e-01
7.945198336975060061e-01
7.891541855073772593e-01
7.825924880866553801e-01
7.579019449958994681e-01
7.535568577824054426e-01
7.479167374412705183e-01
7.441904912335240985e-01
7.314294220792697532e-01
7.066844726978221969e-01
6.948119311849884072e-01
6.736300641594933358e-01
6.283823191343668180e-01
5.770757333538009126e-01
5.718387260422177487e-01
5.637470175960495045e-01
4.989782349253519267e-01
4.932520713166144710e-01
4.421037759772337705e-01
3.877781602503703740e-01
3.298544573868933960e-01
2.901274228405928413e-01
2.780794600274481554e-01
2.776427261941298297e-01
2.772171193374566855e-01
2.742140442727526994e-01
2.705602541957222162e-01
2.640909576586464858e-01
2.431947363149928043e-01
1.731107392603568329e-01
1.693598544384108950e-01
1.064779635258358698e-01
1.064779635258358698e-01
