9.940476190476189577e-01
9.913310151646866908e-01
9.913310151646866908e-01
9.913310151646866908e-01
9.871293344924177982e-01
9.728436202067033411e-01
9.680817154447985962e-01
9.680817154447985962e-01
9.680817154447985962e-01
9.680817154447985962e-01
9.680817154447985962e-01
9.680817154447985962e-01
9.680817154447985962e-01
9.680817154447985962e-01
9.670521144151976722e-01
9.670521144151976722e-01
9.664086137716969560e-01
9.664086137716969560e-01
9.653882056084316376e-01
9.625310627512888573e-01
9.601390409530516923e-01
9.548144861388587756e-01
9.542920577475779709e-01
9.542920577475779709e-01
9.521097330300419825e-01
9.508488343043545177e-01
9.504459039014241384e-01
9.492320015247309728e-01
9.492320015247309728e-01
9.478778198116009079e-01
9.475855405227679995e-01
9.439270199634710590e-01
9.432544005190113268e-01
9.385306212042660023e-01
9.368828223698459912e-01
9.360785874567730813e-01
9.336863093883343012e-01
9.329108269724342151e-01
9.324695243804059785e-01
9.313774696629041339e-01
9.311985397807446274e-01
9.306506002401867539e-01
9.303933329127705987e-01
9.290887656313125964e-01
9.287176573848966443e-01
9.265390081474239592e-01
9.259603044437202390e-01
9.249592221926379310e-01
9.234586219525419137e-01
9.233308146769445557e-01
9.232035832753721083e-01
9.213815391738652272e-01
9.204879682455366918e-01
9.153026749598434098e-01
9.143463982919136646e-01
9.126536906226098145e-01
9.109763168237007269e-01
8.963021490608050756e-01
8.904877861640132508e-01
8.849418691235887424e-01
8.727537199145609659e-01
8.670640589331178871e-01
8.572262817952472913e-01
8.493560562610643627e-01
8.448438979635833901e-01
8.103346167636382713e-01
8.070872471192455100e-01
8.007850517732247875e-01
7.992689593269191040e-01
7.919274638933414545e-01
7.892824907509076171e-01
7.881376041571046542e-01
7.752185061111915854e-01
7.676246609339674176e-01
7.186067238839459748e-01
7.126472716918027528e-01
7.104269811651973132e-01
6.797521024478270224e-01
6.744512795330088739e-01
6.733305165799459147e-01
6.653656441367680197e-01
6.504050173472268881e-01
6.475365902792010742e-01
6.384034902611489537e-01
5.984959415602171262e-01
5.570266376910003592e-01
4.954586291120093855e-01
4.610567061952500767e-01
4.263804825794623166e-01
4.004124281474719105e-01
3.719032015238393218e-01
3.039977541811257900e-01
2.760331156123719820e-01
2.679359878723870936e-01
2.608045604102820492e-01
2.591974163402734899e-01
2.395374797160511604e-01
1.804098065880570811e-01
1.787183570779885822e-01
1.166841153516703228e-01
1.166841153516703228e-01
