1.000000000000000000e+00
1.000000000000000000e+00
1.000000000000000000e+00
1.000000000000000000e+00
1.000000000000000000e+00
9.892857142857142128e-01
9.883333333333332860e-01
9.883333333333332860e-01
9.861011904761903812e-01
9.861011904761903812e-01
9.861011904761903812e-01
9.861011904761903812e-01
9.861011904761903812e-01
9.861011904761903812e-01
9.846130952380952595e-01
9.813663419913420949e-01
9.813663419913420949e-01
9.801556882383153368e-01
9.781130163695952451e-01
9.781130163695952451e-01
9.774033094098883989e-01
9.749357769423558917e-01
9.749357769423558917e-01
9.734915028665028780e-01
9.734915028665028780e-01
9.734915028665028780e-01
9.734313778063777844e-01
9.726937592605400251e-01
9.726937592605400251e-01
9.718196561946560452e-01
9.694976303943695362e-01
9.663067396472934112e-01
9.658453147672639849e-01
9.658453147672639849e-01
9.627978421652013674e-01
9.618203985561787350e-01
9.608313875671676829e-01
9.592726644867054508e-01
9.590364588933570911e-01
9.558924666383604718e-01
9.534496604304198986e-01
9.519157135183217155e-01
9.502948020772555848e-01
9.386038117276273018e-01
9.367420143771081342e-01
9.349830499217608448e-01
9.342604391991500279e-01
9.323246382424823508e-01
9.279764745512487645e-01
9.266014455386091253e-01
9.234402854065025812e-01
9.232451253752770315e-01
9.230423663873130735e-01
9.222651643147742329e-01
9.217786439788665520e-01
9.187608255051157302e-01
9.146942627453398256e-01
9.121428653883693061e-01
9.022390197880177931e-01
9.007810715146405967e-01
8.936447510804234051e-01
8.714047258692917408e-01
8.497617847177233452e-01
8.305179245673588451e-01
8.289919874988995740e-01
8.229367939250861186e-01
8.218322532648124623e-01
8.119054970456156539e-01
8.107902390009639193e-01
8.070640564869417943e-01
8.019021038578735272e-01
7.992059913205028510e-01
7.850311277392438836e-01
7.785753208426876570e-01
7.725478721612525357e-01
7.616567776042534321e-01
7.366956633996719628e-01
6.979264280453997271e-01
6.905172205794691820e-01
6.385153430769833216e-01
6.281497707768373129e-01
6.075830556022998596e-01
5.818947121700362990e-01
5.814787526345800428e-01
5.466709539669730722e-01
5.307737134732942730e-01
5.234804156884192983e-01
4.563761825176680387e-01
3.832514202171082851e-01
3.116074262967386543e-01
3.022419524076524477e-01
2.716452104504169518e-01
2.713434504021353666e-01
2.697322769583339053e-01
2.670995298704276766e-01
2.635806099698388416e-01
2.495467854783217365e-01
1.330733082706767045e-01
1.278843509637419551e-01
6.781193490054249207e-02
6.781193490054249207e-02
