9.968944099378882484e-01
9.968944099378882484e-01
9.968944099378882484e-01
9.968944099378882484e-01
9.968944099378882484e-01
9.730848861283645235e-01
9.730848861283645235e-01
9.730848861283645235e-01
9.669228238915358320e-01
9.669228238915358320e-01
9.669228238915358320e-01
9.669228238915358320e-01
9.664649484336603757e-01
9.664649484336603757e-01
9.664649484336603757e-01
9.664649484336603757e-01
9.664649484336603757e-01
9.664649484336603757e-01
9.654589122163564907e-01
9.654589122163564907e-01
9.640303407877850450e-01
9.602197467564620448e-01
9.535670856920361871e-01
9.535670856920361871e-01
9.519157954391291865e-01
9.487872161837355156e-01
9.465266628395908599e-01
9.460052864058056121e-01
9.446730461926472477e-01
9.440187205050104557e-01
9.434122723067128735e-01
9.428034528544630977e-01
9.412836960155573918e-01
9.403961804018566850e-01
9.394018577517230240e-01
9.384141803462116016e-01
9.380129726430236348e-01
9.364940299982585925e-01
9.364372505297143823e-01
9.344329738834596943e-01
9.344329738834596943e-01
9.313621762756774114e-01
9.291881547568874300e-01
9.267198060414622018e-01
9.248996374356509564e-01
9.219526390753272072e-01
9.214354808317051226e-01
9.212644190168076674e-01
9.082085117223830384e-01
9.062938302364261789e-01
9.042520570125944790e-01
9.028194811325798153e-01
8.973978195184628692e-01
8.973978195184628692e-01
8.956580321563514246e-01
8.955851108427382856e-01
8.896400184297322822e-01
8.818033620830499908e-01
8.753754771939423751e-01
8.675598313824213204e-01
8.575835384385770421e-01
8.345112855796837925e-01
8.323313229447492079e-01
8.305037863536494092e-01
8.292012953000605924e-01
8.281028368612447510e-01
8.213414649868002737e-01
8.108113877212337339e-01
8.033849738863031442e-01
8.019864016410399588e-01
7.956436359825361793e-01
7.918344807414924302e-01
7.640247425788267988e-01
7.582660917626279362e-01
7.527605966077705046e-01
7.420787177676907431e-01
7.332417431841197208e-01
7.072698269182724484e-01
6.865201803626354016e-01
6.710499313368869512e-01
6.536157257061778747e-01
6.334163806777389771e-01
5.736254105518224788e-01
5.505599550128437158e-01
4.975143629034937676e-01
4.701944387381608026e-01
4.377842361284601247e-01
3.947418348142083810e-01
3.371725517863514154e-01
2.987007460716022966e-01
2.780175090276760241e-01
2.768550584512613488e-01
2.764467285206774205e-01
2.675378907239553405e-01
2.641848810530129099e-01
2.602859268707483076e-01
2.437199156260474731e-01
1.303522529250684681e-01
6.776556776556776074e-02
5.699088145896656632e-02
5.699088145896656632e-02
