9.693532818532818451e-01
9.693532818532818451e-01
9.693532818532818451e-01
9.693532818532818451e-01
9.693532818532818451e-01
9.693532818532818451e-01
9.693532818532818451e-01
9.693532818532818451e-01
9.693532818532818451e-01
9.679796554796553654e-01
9.679796554796553654e-01
9.679796554796553654e-01
9.635153697653696669e-01
9.635153697653696669e-01
9.615848678348678513e-01
9.595357435874677376e-01
9.588972975264864473e-01
9.588972975264864473e-01
9.588972975264864473e-01
9.575084086375975634e-01
9.567252006175474000e-01
9.549277492426312408e-01
9.544855723718830287e-01
9.525760366277608027e-01
9.516652465126650418e-01
9.516652465126650418e-01
9.516652465126650418e-01
9.437893601210636252e-01
9.437148999572512187e-01
9.437148999572512187e-01
9.426007464306721539e-01
9.407552292468618349e-01
9.407552292468618349e-01
9.381920137266940296e-01
9.359428055034598737e-01
9.348457034830127688e-01
9.324836475495282828e-01
9.312931713590520966e-01
9.312931713590520966e-01
9.312931713590520966e-01
9.275643270986463351e-01
9.275601638666460813e-01
9.260493663529141273e-01
9.241103461405125730e-01
9.222301783801324371e-01
9.194287547984897335e-01
9.180435212838599091e-01
9.130709019747943467e-01
8.988497656559349958e-01
8.970193160791637421e-01
8.917174290997474939e-01
8.876224048320219273e-01
8.834828395656660893e-01
8.716562280989884615e-01
8.663991099728296508e-01
8.638353405315728484e-01
8.618267892375278683e-01
8.549519910627735308e-01
8.505069163622620554e-01
8.483862546937893656e-01
8.439546207253793009e-01
8.369628906816732883e-01
8.316030496841468889e-01
7.901641883985922599e-01
7.874505663652942022e-01
7.839247699578564266e-01
7.392712776235511596e-01
7.188543355355967446e-01
7.165774683443312254e-01
7.141628035857784385e-01
7.099901616706704166e-01
7.026423207667200632e-01
6.708263363690897263e-01
6.629578355754669472e-01
6.566509691525765913e-01
6.530290452817387736e-01
6.462440551457326876e-01
6.407254904809670526e-01
6.325936501353399688e-01
6.242617504131204864e-01
6.073136399384487794e-01
5.775913757252126857e-01
5.518270992644863648e-01
5.325470809791938986e-01
4.529133218748489509e-01
4.248652809404812047e-01
4.152704704567687921e-01
4.093352819442928059e-01
3.839361366445375734e-01
3.191431169222799236e-01
3.050625499696503207e-01
2.825579272198170400e-01
2.813740301743689054e-01
2.808483694297588817e-01
2.613393223668777909e-01
2.543958572653730044e-01
2.489225884586742932e-01
1.296481801900251918e-01
9.215500546210043942e-02
6.781193490054249207e-02
6.781193490054249207e-02
