9.960317460317460458e-01
9.960317460317460458e-01
9.960317460317460458e-01
9.960317460317460458e-01
9.960317460317460458e-01
9.895382395382396057e-01
9.895382395382396057e-01
9.844361987219130139e-01
9.844361987219130139e-01
9.844361987219130139e-01
9.844361987219130139e-01
9.836245104102248060e-01
9.836245104102248060e-01
9.804661041905939900e-01
9.804661041905939900e-01
9.795690420690420508e-01
9.795690420690420508e-01
9.795690420690420508e-01
9.772648946036043283e-01
9.726390442634682554e-01
9.726390442634682554e-01
9.724846041090281501e-01
9.724846041090281501e-01
9.712530770154320647e-01
9.704142107342867973e-01
9.704142107342867973e-01
9.704142107342867973e-01
9.698535469083170435e-01
9.680618850299497202e-01
9.655141309731415378e-01
9.649824327062516138e-01
9.619230019464725112e-01
9.610452314834484477e-01
9.561457182893792206e-01
9.557897619533565203e-01
9.548321573595758283e-01
9.530225260267277676e-01
9.512753940529191654e-01
9.503825369100619147e-01
9.431839274387252559e-01
9.431839274387252559e-01
9.422899801162064604e-01
9.419323079041898028e-01
9.414106411584494127e-01
9.348225329067687550e-01
9.337396853707176092e-01
9.323347094704874660e-01
9.312099349644179513e-01
9.182928613750753755e-01
9.167592957957335642e-01
9.149926137477294441e-01
9.119440060407366655e-01
9.095993928257916084e-01
8.986021890662391209e-01
8.972213872615043551e-01
8.952856254075459708e-01
8.936995124280097125e-01
8.921468803613599174e-01
8.825704442767206004e-01
8.816883761532732233e-01
8.735538260546256151e-01
8.666001532758903503e-01
8.466156995694112952e-01
8.356611460303248196e-01
8.208769787967703513e-01
8.081536299937868151e-01
7.987710299727849295e-01
7.938980849467668355e-01
7.915210055461432415e-01
7.853083476136869523e-01
7.796096539688358584e-01
7.722905221671975129e-01
7.603317952120186574e-01
7.560800098956504955e-01
7.002440136474979981e-01
6.914420572796412534e-01
6.786636492735447224e-01
6.238552631253982961e-01
6.150920021089846257e-01
5.991336012532453292e-01
5.611870682119247666e-01
5.355411713032207643e-01
5.151672453832125687e-01
5.135697952712160452e-01
4.953368217423365083e-01
4.765685550835061512e-01
4.637717523008362264e-01
4.548036711074234240e-01
4.063639838557379647e-01
3.120464096344454652e-01
3.118841827116551335e-01
2.891567178062703358e-01
2.879600491977096222e-01
2.816143938839791305e-01
2.640115730202424738e-01
2.620528732383342607e-01
2.505040030706436882e-01
2.330131344729884646e-01
1.249226963512677646e-01
8.403427315344413895e-02
8.403427315344413895e-02
