9.866071428571429047e-01
9.866071428571429047e-01
9.866071428571429047e-01
9.866071428571429047e-01
9.866071428571429047e-01
9.866071428571429047e-01
9.856794990723561911e-01
9.856794990723561911e-01
9.856794990723561911e-01
9.856794990723561911e-01
9.814778184000872985e-01
9.814778184000872985e-01
9.802671646470607625e-01
9.802671646470607625e-01
9.802671646470607625e-01
9.802671646470607625e-01
9.788935382734342827e-01
9.788935382734342827e-01
9.781994301216990761e-01
9.781994301216990761e-01
9.750938400595873246e-01
9.730530237330566878e-01
9.650876920003340631e-01
9.631165643871976156e-01
9.625237168063982551e-01
9.625237168063982551e-01
9.607391934732554262e-01
9.602626500019010303e-01
9.602626500019010303e-01
9.497297206726330598e-01
9.494808406328122397e-01
9.490159267902498197e-01
9.485918844942863304e-01
9.482939498379211463e-01
9.469277440149326264e-01
9.460958561604952965e-01
9.451925644408769589e-01
9.450174944128658661e-01
9.442011678822535004e-01
9.429116410825226779e-01
9.429116410825226779e-01
9.417627899336716846e-01
9.410492951435216469e-01
9.410492951435216469e-01
9.405269080868136067e-01
9.397152658148859583e-01
9.391492512953829586e-01
9.373917184022191318e-01
9.360308565038432116e-01
9.360308565038432116e-01
9.354639630798067262e-01
9.340062523266828842e-01
9.247849240174177421e-01
9.179225105973648491e-01
9.063563436454620259e-01
8.973876562384103250e-01
8.634881265324275690e-01
8.609691762719021701e-01
8.457458748517637792e-01
8.442875727792912288e-01
8.410691582757764406e-01
8.373548474179092205e-01
8.332468128046901512e-01
8.294145436468939314e-01
8.245254196722164863e-01
8.229654456690279618e-01
8.180437185808787648e-01
8.034205820838030698e-01
8.008917623552903597e-01
7.987875082541689986e-01
7.941347421642748206e-01
7.925835097208414615e-01
7.585981851664974629e-01
7.501926091554366183e-01
7.458201828733062033e-01
7.365186783781692004e-01
7.315706448233012527e-01
7.205892523313953690e-01
7.136335805211919681e-01
6.966436009390648554e-01
6.759175271747828173e-01
6.447458556583364198e-01
6.232333875220357200e-01
5.857180204666390111e-01
4.290521056055475735e-01
4.138710085057308308e-01
4.092566908644461043e-01
3.439321341764869921e-01
3.244585398459897130e-01
2.765402092731285566e-01
2.761704961704961603e-01
2.746606382518630429e-01
2.739026503686993741e-01
2.727316552028903329e-01
2.617819150724671196e-01
2.606627852327179640e-01
2.017737901196547945e-01
1.742543682635848412e-01
1.663471449185734696e-01
1.090817761703837541e-01
1.090817761703837541e-01
